1	1	7	0	98
1	2	7	36	100
1	3	7	80	85
1	4	7	68	42
1	5	7	56	0
1	6	7	25	23
1	7	7	50	37
1	8	7	100	32
2	1	2	12	78
2	2	2	40	100
2	3	2	74	77
2	4	2	52	41
2	5	2	13	14
2	6	2	0	17
2	7	2	50	8
2	8	2	100	0
3	1	5	45	93
3	2	5	0	60
3	3	5	75	69
3	4	5	89	29
3	5	5	19	0
3	6	5	15	43
3	7	5	26	93
3	8	5	100	100
4	1	7	22	93
4	2	7	0	95
4	3	7	50	97
4	4	7	100	100
4	5	7	67	81
4	6	7	43	56
4	7	7	28	28
4	8	7	30	0
5	1	9	89	87
5	2	9	38	100
5	3	9	17	78
5	4	9	80	77
5	5	9	100	76
5	6	9	92	34
5	7	9	61	0
5	8	9	0	4
6	1	0	38	73
6	2	0	5	64
6	3	0	0	15
6	4	0	53	0
6	5	0	98	34
6	6	0	100	83
6	7	0	47	100
6	8	0	20	60
7	1	4	42	100
7	2	4	34	73
7	3	4	0	42
7	4	4	2	42
7	5	4	62	36
7	6	4	100	59
7	7	4	92	35
7	8	4	87	0
8	1	0	50	86
8	2	0	17	60
8	3	0	0	27
8	4	0	21	0
8	5	0	70	9
8	6	0	100	37
8	7	0	91	70
8	8	0	63	100
9	1	4	15	97
9	2	4	0	76
9	3	4	33	46
9	4	4	95	59
9	5	4	100	100
9	6	4	83	83
9	7	4	87	41
9	8	4	97	0
10	1	5	17	89
10	2	5	0	55
10	3	5	65	58
10	4	5	69	11
10	5	5	11	0
10	6	5	10	60
10	7	5	31	100
10	8	5	100	96
11	1	2	43	75
11	2	2	61	100
11	3	2	94	86
11	4	2	75	47
11	5	2	43	14
11	6	2	0	2
11	7	2	49	0
11	8	2	100	1
12	1	5	66	91
12	2	5	100	100
12	3	5	90	89
12	4	5	53	77
12	5	5	29	52
12	6	5	58	30
12	7	5	38	4
12	8	5	0	0
13	1	1	0	44
13	2	1	30	61
13	3	1	67	80
13	4	1	100	100
13	5	1	96	80
13	6	1	83	53
13	7	1	68	26
13	8	1	62	0
14	1	5	100	98
14	2	5	58	100
14	3	5	29	81
14	4	5	55	55
14	5	5	87	32
14	6	5	81	4
14	7	5	39	0
14	8	5	0	1
15	1	2	11	72
15	2	2	39	100
15	3	2	62	77
15	4	2	50	42
15	5	2	24	12
15	6	2	0	0
15	7	2	50	3
15	8	2	100	3
16	1	3	45	87
16	2	3	41	100
16	3	3	89	96
16	4	3	54	65
16	5	3	68	55
16	6	3	100	26
16	7	3	60	0
16	8	3	0	3
17	1	1	0	61
17	2	1	33	71
17	3	1	66	86
17	4	1	100	100
17	5	1	94	77
17	6	1	79	52
17	7	1	66	26
17	8	1	62	0
18	1	2	0	77
18	2	2	33	100
18	3	2	55	71
18	4	2	45	35
18	5	2	14	8
18	6	2	9	19
18	7	2	56	17
18	8	2	100	0
19	1	7	0	87
19	2	7	46	100
19	3	7	88	85
19	4	7	73	43
19	5	7	65	0
19	6	7	36	18
19	7	7	46	42
19	8	7	100	50
20	1	5	13	98
20	2	5	0	74
20	3	5	51	57
20	4	5	32	0
20	5	5	2	22
20	6	5	4	85
20	7	5	41	100
20	8	5	100	100
21	1	0	26	91
21	2	0	0	80
21	3	0	2	34
21	4	0	33	0
21	5	0	80	8
21	6	0	100	50
21	7	0	82	92
21	8	0	38	100
22	1	4	60	100
22	2	4	40	81
22	3	4	0	54
22	4	4	2	43
22	5	4	60	34
22	6	4	100	57
22	7	4	82	36
22	8	4	71	0
23	1	6	93	93
23	2	6	60	100
23	3	6	19	71
23	4	6	0	39
23	5	6	23	8
23	6	6	100	9
23	7	6	86	26
23	8	6	38	0
24	1	8	81	69
24	2	8	63	100
24	3	8	0	82
24	4	8	41	41
24	5	8	81	0
24	6	8	19	3
24	7	8	41	44
24	8	8	100	74
25	1	6	100	100
25	2	6	78	91
25	3	6	45	70
25	4	6	18	47
25	5	6	0	22
25	6	6	21	0
25	7	6	64	11
25	8	6	16	15
26	1	4	34	100
26	2	4	34	76
26	3	4	0	49
26	4	4	58	47
26	5	4	100	57
26	6	4	100	56
26	7	4	90	26
26	8	4	82	0
27	1	2	8	98
27	2	2	25	100
27	3	2	29	64
27	4	2	21	29
27	5	2	0	2
27	6	2	33	2
27	7	2	67	3
27	8	2	100	0
28	1	2	30	63
28	2	2	44	100
28	3	2	89	96
28	4	2	77	56
28	5	2	40	24
28	6	2	0	11
28	7	2	51	19
28	8	2	100	0
29	1	5	41	95
29	2	5	44	61
29	3	5	58	30
29	4	5	13	0
29	5	5	0	30
29	6	5	3	80
29	7	5	44	100
29	8	5	100	94
30	1	0	29	96
30	2	0	15	53
30	3	0	33	12
30	4	0	79	0
30	5	0	100	38
30	6	0	82	80
30	7	0	38	100
30	8	0	0	74
31	1	1	0	47
31	2	1	23	66
31	3	1	61	83
31	4	1	100	100
31	5	1	89	75
31	6	1	72	50
31	7	1	53	25
31	8	1	48	0
32	1	2	20	63
32	2	2	29	100
32	3	2	58	76
32	4	2	44	36
32	5	2	11	4
32	6	2	0	1
32	7	2	50	0
32	8	2	100	1
33	1	2	15	76
33	2	2	23	100
33	3	2	81	95
33	4	2	78	62
33	5	2	43	35
33	6	2	0	10
33	7	2	38	0
33	8	2	100	3
34	1	4	46	100
34	2	4	26	74
34	3	4	0	47
34	4	4	20	25
34	5	4	84	33
34	6	4	100	55
34	7	4	76	28
34	8	4	69	0
35	1	5	36	91
35	2	5	62	98
35	3	5	100	100
35	4	5	44	94
35	5	5	1	65
35	6	5	46	44
35	7	5	51	0
35	8	5	0	2
36	1	0	58	62
36	2	0	8	46
36	3	0	12	0
36	4	0	67	15
36	5	0	100	56
36	6	0	90	100
36	7	0	34	81
36	8	0	0	41
37	1	1	0	62
37	2	1	30	90
37	3	1	70	100
37	4	1	57	61
37	5	1	48	22
37	6	1	7	0
37	7	1	36	2
37	8	1	100	3
38	1	6	100	100
38	2	6	47	88
38	3	6	18	55
38	4	6	16	18
38	5	6	57	0
38	6	6	95	29
38	7	6	51	38
38	8	6	0	16
39	1	0	7	54
39	2	0	8	14
39	3	0	56	0
39	4	0	99	24
39	5	0	100	68
39	6	0	63	100
39	7	0	12	97
39	8	0	0	56
40	1	5	57	96
40	2	5	100	100
40	3	5	81	95
40	4	5	40	85
40	5	5	30	60
40	6	5	57	32
40	7	5	40	3
40	8	5	0	0
41	1	0	16	68
41	2	0	0	40
41	3	0	26	0
41	4	0	73	10
41	5	0	100	50
41	6	0	82	93
41	7	0	32	100
41	8	0	1	73
42	1	9	100	87
42	2	9	40	100
42	3	9	0	78
42	4	9	60	65
42	5	9	100	90
42	6	9	94	65
42	7	9	83	32
42	8	9	79	0
43	1	7	0	98
43	2	7	43	100
43	3	7	68	70
43	4	7	66	35
43	5	7	56	0
43	6	7	39	32
43	7	7	49	51
43	8	7	100	55
44	1	2	23	78
44	2	2	26	100
44	3	2	62	85
44	4	2	34	55
44	5	2	0	27
44	6	2	1	0
44	7	2	51	0
44	8	2	100	7
45	1	2	25	67
45	2	2	41	100
45	3	2	80	91
45	4	2	61	53
45	5	2	24	26
45	6	2	0	15
45	7	2	49	6
45	8	2	100	0
46	1	8	70	99
46	2	8	42	69
46	3	8	35	30
46	4	8	0	0
46	5	8	19	29
46	6	8	60	58
46	7	8	100	88
46	8	8	54	100
47	1	3	35	73
47	2	3	63	100
47	3	3	97	87
47	4	3	58	64
47	5	3	100	44
47	6	3	100	11
47	7	3	50	0
47	8	3	0	8
48	1	6	100	100
48	2	6	54	88
48	3	6	22	64
48	4	6	0	35
48	5	6	6	7
48	6	6	57	0
48	7	6	65	21
48	8	6	14	21
49	1	3	19	93
49	2	3	66	100
49	3	3	78	78
49	4	3	41	58
49	5	3	63	41
49	6	3	100	23
49	7	3	53	9
49	8	3	0	0
50	1	1	0	63
50	2	1	55	75
50	3	1	84	97
50	4	1	100	100
50	5	1	91	75
50	6	1	81	50
50	7	1	77	25
50	8	1	81	0
51	1	9	100	92
51	2	9	62	100
51	3	9	44	70
51	4	9	84	79
51	5	9	79	75
51	6	9	72	33
51	7	9	45	0
51	8	9	0	0
52	1	3	25	85
52	2	3	48	100
52	3	3	100	97
52	4	3	92	76
52	5	3	65	57
52	6	3	70	33
52	7	3	44	13
52	8	3	0	0
53	1	9	100	71
53	2	9	41	62
53	3	9	0	83
53	4	9	52	100
53	5	9	98	80
53	6	9	92	49
53	7	9	67	19
53	8	9	19	0
54	1	8	7	60
54	2	8	100	79
54	3	8	76	100
54	4	8	24	71
54	5	8	80	36
54	6	8	84	0
54	7	8	0	14
54	8	8	47	50
55	1	2	0	65
55	2	2	24	98
55	3	2	63	100
55	4	2	55	61
55	5	2	26	29
55	6	2	19	0
55	7	2	59	1
55	8	2	100	6
56	1	7	0	93
56	2	7	46	100
56	3	7	76	80
56	4	7	70	40
56	5	7	66	0
56	6	7	44	15
56	7	7	51	41
56	8	7	100	39
57	1	6	100	91
57	2	6	96	100
57	3	6	50	70
57	4	6	9	40
57	5	6	0	6
57	6	6	76	0
57	7	6	93	26
57	8	6	28	21
58	1	1	0	68
58	2	1	47	82
58	3	1	89	100
58	4	1	100	90
58	5	1	81	67
58	6	1	58	45
58	7	1	34	22
58	8	1	13	0
59	1	8	55	68
59	2	8	71	40
59	3	8	100	6
59	4	8	5	0
59	5	8	14	35
59	6	8	66	68
59	7	8	89	100
59	8	8	0	83
60	1	9	100	77
60	2	9	53	73
60	3	9	18	92
60	4	9	60	100
60	5	9	84	74
60	6	9	71	42
60	7	9	41	16
60	8	9	0	0
61	1	4	23	100
61	2	4	14	76
61	3	4	11	41
61	4	4	94	35
61	5	4	100	51
61	6	4	52	71
61	7	4	24	35
61	8	4	0	0
62	1	4	42	94
62	2	4	0	60
62	3	4	23	30
62	4	4	86	30
62	5	4	100	61
62	6	4	70	100
62	7	4	69	50
62	8	4	71	0
63	1	1	0	70
63	2	1	46	81
63	3	1	100	100
63	4	1	88	88
63	5	1	81	66
63	6	1	77	43
63	7	1	68	22
63	8	1	63	0
64	1	8	76	100
64	2	8	59	66
64	3	8	89	23
64	4	8	9	0
64	5	8	0	31
64	6	8	80	62
64	7	8	100	96
64	8	8	2	86
65	1	2	72	77
65	2	2	97	100
65	3	2	100	73
65	4	2	74	42
65	5	2	40	16
65	6	2	0	0
65	7	2	36	6
65	8	2	82	4
66	1	1	0	37
66	2	1	29	60
66	3	1	68	82
66	4	1	100	100
66	5	1	77	75
66	6	1	57	51
66	7	1	45	25
66	8	1	45	0
67	1	7	0	100
67	2	7	38	100
67	3	7	65	72
67	4	7	60	36
67	5	7	52	0
67	6	7	40	17
67	7	7	46	41
67	8	7	100	45
68	1	2	50	81
68	2	2	74	100
68	3	2	100	75
68	4	2	75	43
68	5	2	36	20
68	6	2	0	28
68	7	2	47	23
68	8	2	84	0
69	1	1	19	60
69	2	1	52	87
69	3	1	71	100
69	4	1	57	58
69	5	1	46	16
69	6	1	0	0
69	7	1	49	7
69	8	1	100	8
70	1	6	100	100
70	2	6	53	87
70	3	6	24	59
70	4	6	2	31
70	5	6	0	0
70	6	6	50	4
70	7	6	62	30
70	8	6	12	32
71	1	4	35	100
71	2	4	19	85
71	3	4	0	52
71	4	4	50	32
71	5	4	100	35
71	6	4	96	64
71	7	4	62	34
71	8	4	39	0
72	1	7	0	95
72	2	7	49	100
72	3	7	83	77
72	4	7	72	38
72	5	7	60	0
72	6	7	42	4
72	7	7	49	28
72	8	7	100	29
73	1	5	100	94
73	2	5	62	100
73	3	5	21	79
73	4	5	18	44
73	5	5	68	51
73	6	5	86	21
73	7	5	46	0
73	8	5	0	10
74	1	0	30	96
74	2	0	0	50
74	3	0	7	1
74	4	0	66	0
74	5	0	100	42
74	6	0	86	91
74	7	0	28	100
74	8	0	3	57
75	1	9	100	94
75	2	9	52	77
75	3	9	4	77
75	4	9	47	100
75	5	9	97	88
75	6	9	76	55
75	7	9	35	28
75	8	9	0	0
76	1	6	69	100
76	2	6	31	77
76	3	6	8	53
76	4	6	0	27
76	5	6	27	3
76	6	6	92	0
76	7	6	100	20
76	8	6	39	12
77	1	6	100	100
77	2	6	48	84
77	3	6	15	53
77	4	6	1	19
77	5	6	47	0
77	6	6	100	24
77	7	6	60	39
77	8	6	0	19
78	1	1	0	55
78	2	1	6	70
78	3	1	54	90
78	4	1	100	100
78	5	1	76	75
78	6	1	49	50
78	7	1	24	25
78	8	1	5	0
79	1	3	2	78
79	2	3	33	100
79	3	3	88	97
79	4	3	86	71
79	5	3	79	41
79	6	3	100	11
79	7	3	54	0
79	8	3	0	4
80	1	7	26	73
80	2	7	35	100
80	3	7	100	97
80	4	7	78	68
80	5	7	46	35
80	6	7	26	0
80	7	7	0	31
80	8	7	52	30
81	1	6	72	100
81	2	6	31	77
81	3	6	4	50
81	4	6	0	21
81	5	6	40	0
81	6	6	100	5
81	7	6	88	28
81	8	6	28	36
82	1	3	17	64
82	2	3	38	100
82	3	3	98	94
82	4	3	63	62
82	5	3	67	49
82	6	3	100	15
82	7	3	42	0
82	8	3	0	17
83	1	8	84	74
83	2	8	74	100
83	3	8	32	74
83	4	8	58	34
83	5	8	49	0
83	6	8	0	8
83	7	8	48	37
83	8	8	100	62
84	1	7	0	97
84	2	7	38	100
84	3	7	89	75
84	4	7	59	37
84	5	7	25	0
84	6	7	8	12
84	7	7	29	41
84	8	7	100	39
85	1	9	71	72
85	2	9	33	76
85	3	9	24	98
85	4	9	78	100
85	5	9	100	73
85	6	9	78	43
85	7	9	41	19
85	8	9	0	0
86	1	9	88	82
86	2	9	45	100
86	3	9	8	79
86	4	9	63	77
86	5	9	100	68
86	6	9	93	25
86	7	9	51	0
86	8	9	0	12
87	1	4	28	100
87	2	4	22	73
87	3	4	0	41
87	4	4	16	22
87	5	4	78	25
87	6	4	98	50
87	7	4	93	24
87	8	4	100	0
88	1	3	31	84
88	2	3	60	100
88	3	3	83	85
88	4	3	66	64
88	5	3	100	45
88	6	3	82	17
88	7	3	42	0
88	8	3	0	0
89	1	8	58	95
89	2	8	60	64
89	3	8	100	32
89	4	8	83	0
89	5	8	17	20
89	6	8	62	51
89	7	8	69	85
89	8	8	0	100
90	1	1	0	27
90	2	1	23	44
90	3	1	63	72
90	4	1	100	100
90	5	1	86	88
90	6	1	50	60
90	7	1	22	30
90	8	1	9	0
91	1	1	0	63
91	2	1	42	81
91	3	1	95	100
91	4	1	79	81
91	5	1	63	60
91	6	1	63	40
91	7	1	74	20
91	8	1	100	0
92	1	6	100	100
92	2	6	59	90
92	3	6	29	62
92	4	6	4	31
92	5	6	15	0
92	6	6	64	10
92	7	6	52	37
92	8	6	0	29
93	1	2	36	85
93	2	2	71	100
93	3	2	100	82
93	4	2	72	56
93	5	2	36	35
93	6	2	0	13
93	7	2	33	0
93	8	2	88	0
94	1	3	70	87
94	2	3	96	100
94	3	3	100	77
94	4	3	78	57
94	5	3	76	33
94	6	3	72	9
94	7	3	37	0
94	8	3	0	5
95	1	7	0	100
95	2	7	53	97
95	3	7	91	69
95	4	7	72	29
95	5	7	31	0
95	6	7	5	35
95	7	7	46	49
95	8	7	100	41
96	1	9	37	93
96	2	9	0	65
96	3	9	80	80
96	4	9	41	100
96	5	9	3	65
96	6	9	100	80
96	7	9	92	39
96	8	9	47	0
97	1	3	0	79
97	2	3	28	100
97	3	3	48	75
97	4	3	38	54
97	5	3	92	54
97	6	3	100	28
97	7	3	61	8
97	8	3	9	0
98	1	4	50	100
98	2	4	41	90
98	3	4	0	63
98	4	4	3	50
98	5	4	80	42
98	6	4	100	57
98	7	4	59	29
98	8	4	29	0
99	1	9	69	84
99	2	9	31	100
99	3	9	29	65
99	4	9	76	86
99	5	9	81	76
99	6	9	100	31
99	7	9	58	4
99	8	9	0	0
100	1	6	100	100
100	2	6	61	96
100	3	6	33	73
100	4	6	11	48
100	5	6	0	21
100	6	6	24	0
100	7	6	59	15
100	8	6	17	22
101	1	1	12	77
101	2	1	36	90
101	3	1	44	100
101	4	1	37	63
101	5	1	46	27
101	6	1	100	21
101	7	1	47	8
101	8	1	0	0
102	1	6	100	100
102	2	6	81	99
102	3	6	48	74
102	4	6	19	47
102	5	6	0	15
102	6	6	30	0
102	7	6	51	25
102	8	6	8	29
103	1	9	72	71
103	2	9	73	100
103	3	9	29	87
103	4	9	66	73
103	5	9	100	54
103	6	9	92	16
103	7	9	48	0
103	8	9	0	9
104	1	9	76	85
104	2	9	88	70
104	3	9	27	68
104	4	9	0	100
104	5	9	62	99
104	6	9	100	66
104	7	9	90	25
104	8	9	40	0
105	1	9	24	90
105	2	9	76	71
105	3	9	65	100
105	4	9	30	72
105	5	9	93	72
105	6	9	100	33
105	7	9	61	0
105	8	9	0	18
106	1	0	30	90
106	2	0	0	53
106	3	0	1	11
106	4	0	55	0
106	5	0	99	28
106	6	0	100	70
106	7	0	63	100
106	8	0	18	75
107	1	6	68	100
107	2	6	55	83
107	3	6	27	56
107	4	6	0	27
107	5	6	14	0
107	6	6	100	2
107	7	6	73	27
107	8	6	52	11
108	1	2	44	81
108	2	2	72	100
108	3	2	100	84
108	4	2	74	59
108	5	2	37	38
108	6	2	0	17
108	7	2	7	0
108	8	2	65	3
109	1	5	34	100
109	2	5	16	50
109	3	5	59	40
109	4	5	33	0
109	5	5	0	14
109	6	5	10	70
109	7	5	48	95
109	8	5	100	94
110	1	7	0	97
110	2	7	49	100
110	3	7	100	95
110	4	7	89	60
110	5	7	60	28
110	6	7	30	0
110	7	7	24	36
110	8	7	77	39
111	1	2	20	93
111	2	2	74	100
111	3	2	100	83
111	4	2	78	64
111	5	2	41	46
111	6	2	0	29
111	7	2	11	11
111	8	2	78	0
112	1	4	43	100
112	2	4	12	76
112	3	4	0	47
112	4	4	57	36
112	5	4	100	48
112	6	4	93	64
112	7	4	89	31
112	8	4	88	0
113	1	5	100	85
113	2	5	59	98
113	3	5	11	100
113	4	5	6	59
113	5	5	34	48
113	6	5	68	23
113	7	5	30	0
113	8	5	0	10
114	1	2	0	90
114	2	2	15	100
114	3	2	24	67
114	4	2	11	34
114	5	2	2	11
114	6	2	35	5
114	7	2	67	2
114	8	2	100	0
115	1	8	10	23
115	2	8	56	59
115	3	8	67	100
115	4	8	0	93
115	5	8	44	57
115	6	8	100	25
115	7	8	50	0
115	8	8	16	26
116	1	0	39	93
116	2	0	0	64
116	3	0	4	15
116	4	0	46	0
116	5	0	86	27
116	6	0	100	73
116	7	0	62	100
116	8	0	18	86
117	1	9	61	79
117	2	9	100	100
117	3	9	50	99
117	4	9	0	72
117	5	9	54	75
117	6	9	93	83
117	7	9	60	42
117	8	9	33	0
118	1	2	0	76
118	2	2	24	100
118	3	2	58	95
118	4	2	53	58
118	5	2	31	26
118	6	2	9	1
118	7	2	54	1
118	8	2	100	0
119	1	5	5	86
119	2	5	77	100
119	3	5	80	99
119	4	5	0	86
119	5	5	20	63
119	6	5	100	48
119	7	5	81	13
119	8	5	1	0
120	1	9	86	100
120	2	9	33	81
120	3	9	66	67
120	4	9	100	91
120	5	9	99	65
120	6	9	95	33
120	7	9	62	6
120	8	9	0	0
121	1	3	34	87
121	2	3	51	100
121	3	3	99	84
121	4	3	51	54
121	5	3	100	54
121	6	3	100	18
121	7	3	35	0
121	8	3	0	16
122	1	7	0	100
122	2	7	93	100
122	3	7	100	78
122	4	7	62	40
122	5	7	33	0
122	6	7	13	5
122	7	7	1	39
122	8	7	94	43
123	1	6	72	100
123	2	6	27	81
123	3	6	0	47
123	4	6	6	9
123	5	6	56	0
123	6	6	100	19
123	7	6	63	30
123	8	6	16	14
124	1	9	46	66
124	2	9	100	82
124	3	9	59	100
124	4	9	0	80
124	5	9	41	64
124	6	9	94	56
124	7	9	62	27
124	8	9	24	0
125	1	5	58	96
125	2	5	100	100
125	3	5	63	90
125	4	5	37	61
125	5	5	61	54
125	6	5	66	24
125	7	5	36	0
125	8	5	0	11
126	1	5	51	91
126	2	5	23	71
126	3	5	52	35
126	4	5	13	0
126	5	5	0	30
126	6	5	5	81
126	7	5	43	100
126	8	5	100	95
127	1	9	26	90
127	2	9	75	74
127	3	9	70	100
127	4	9	0	85
127	5	9	83	80
127	6	9	100	52
127	7	9	61	20
127	8	9	9	0
128	1	3	18	64
128	2	3	42	100
128	3	3	96	86
128	4	3	59	56
128	5	3	78	48
128	6	3	100	14
128	7	3	41	0
128	8	3	0	20
129	1	8	86	78
129	2	8	53	100
129	3	8	32	69
129	4	8	56	32
129	5	8	36	0
129	6	8	0	18
129	7	8	49	48
129	8	8	100	77
130	1	7	0	90
130	2	7	47	100
130	3	7	86	83
130	4	7	66	43
130	5	7	55	0
130	6	7	41	3
130	7	7	40	39
130	8	7	100	36
131	1	5	33	86
131	2	5	9	65
131	3	5	75	71
131	4	5	72	25
131	5	5	3	0
131	6	5	0	46
131	7	5	12	93
131	8	5	100	100
132	1	8	31	84
132	2	8	67	50
132	3	8	68	2
132	4	8	0	0
132	5	8	37	40
132	6	8	100	70
132	7	8	70	100
132	8	8	2	82
133	1	7	0	95
133	2	7	62	100
133	3	7	96	71
133	4	7	58	36
133	5	7	31	0
133	6	7	100	20
133	7	7	94	38
133	8	7	1	42
134	1	1	0	66
134	2	1	63	77
134	3	1	100	100
134	4	1	80	93
134	5	1	60	69
134	6	1	43	45
134	7	1	37	21
134	8	1	50	0
135	1	7	0	100
135	2	7	49	99
135	3	7	83	73
135	4	7	79	36
135	5	7	67	0
135	6	7	51	16
135	7	7	47	38
135	8	7	100	38
136	1	6	77	100
136	2	6	28	80
136	3	6	4	52
136	4	6	2	23
136	5	6	44	0
136	6	6	100	11
136	7	6	51	28
136	8	6	0	14
137	1	4	47	100
137	2	4	0	72
137	3	4	0	38
137	4	4	82	30
137	5	4	100	65
137	6	4	87	95
137	7	4	77	47
137	8	4	62	0
138	1	3	37	85
138	2	3	73	100
138	3	3	100	77
138	4	3	72	50
138	5	3	99	39
138	6	3	84	9
138	7	3	40	0
138	8	3	0	14
139	1	8	83	63
139	2	8	48	100
139	3	8	0	76
139	4	8	61	40
139	5	8	82	0
139	6	8	3	9
139	7	8	38	55
139	8	8	100	91
140	1	0	71	95
140	2	0	25	88
140	3	0	0	43
140	4	0	15	0
140	5	0	64	11
140	6	0	100	50
140	7	0	87	95
140	8	0	38	100
141	1	6	100	100
141	2	6	52	94
141	3	6	22	70
141	4	6	1	44
141	5	6	0	15
141	6	6	39	0
141	7	6	70	19
141	8	6	29	28
142	1	3	0	94
142	2	3	45	100
142	3	3	70	76
142	4	3	32	58
142	5	3	86	52
142	6	3	100	22
142	7	3	56	0
142	8	3	2	1
143	1	4	0	100
143	2	4	21	73
143	3	4	50	52
143	4	4	84	67
143	5	4	100	100
143	6	4	89	69
143	7	4	88	35
143	8	4	86	0
144	1	4	13	100
144	2	4	0	98
144	3	4	8	57
144	4	4	80	54
144	5	4	100	66
144	6	4	71	95
144	7	4	48	48
144	8	4	34	0
145	1	4	4	98
145	2	4	10	100
145	3	4	0	69
145	4	4	4	40
145	5	4	62	43
145	6	4	56	55
145	7	4	63	24
145	8	4	100	0
146	1	1	0	63
146	2	1	21	63
146	3	1	63	80
146	4	1	99	100
146	5	1	100	80
146	6	1	99	52
146	7	1	99	24
146	8	1	96	0
147	1	2	0	82
147	2	2	24	100
147	3	2	53	87
147	4	2	57	59
147	5	2	47	33
147	6	2	32	7
147	7	2	62	0
147	8	2	100	1
148	1	3	30	83
148	2	3	64	100
148	3	3	100	85
148	4	3	64	63
148	5	3	98	41
148	6	3	98	14
148	7	3	48	0
148	8	3	0	10
149	1	3	35	80
149	2	3	73	100
149	3	3	95	84
149	4	3	55	62
149	5	3	100	44
149	6	3	97	14
149	7	3	49	0
149	8	3	0	9
150	1	5	47	80
150	2	5	80	97
150	3	5	100	100
150	4	5	59	89
150	5	5	29	63
150	6	5	54	33
150	7	5	40	4
150	8	5	0	0
151	1	5	27	84
151	2	5	27	56
151	3	5	74	30
151	4	5	42	0
151	5	5	17	27
151	6	5	0	64
151	7	5	35	94
151	8	5	100	100
152	1	5	54	86
152	2	5	88	100
152	3	5	100	99
152	4	5	64	89
152	5	5	36	64
152	6	5	50	31
152	7	5	32	0
152	8	5	0	1
153	1	8	26	93
153	2	8	15	77
153	3	8	97	45
153	4	8	95	1
153	5	8	0	0
153	6	8	42	45
153	7	8	100	88
153	8	8	23	100
154	1	7	0	93
154	2	7	40	100
154	3	7	60	64
154	4	7	61	20
154	5	7	55	0
154	6	7	25	30
154	7	7	57	40
154	8	7	100	42
155	1	4	13	100
155	2	4	0	71
155	3	4	37	50
155	4	4	100	56
155	5	4	90	76
155	6	4	80	61
155	7	4	81	30
155	8	4	88	0
156	1	7	0	88
156	2	7	57	100
156	3	7	78	75
156	4	7	60	37
156	5	7	42	0
156	6	7	21	3
156	7	7	35	27
156	8	7	100	32
157	1	3	0	94
157	2	3	46	100
157	3	3	68	80
157	4	3	59	60
157	5	3	93	41
157	6	3	100	15
157	7	3	62	0
157	8	3	14	2
158	1	8	6	50
158	2	8	41	50
158	3	8	100	19
158	4	8	44	0
158	5	8	20	37
158	6	8	63	73
158	7	8	65	100
158	8	8	0	73
159	1	8	76	76
159	2	8	39	100
159	3	8	0	76
159	4	8	41	39
159	5	8	73	0
159	6	8	17	7
159	7	8	35	47
159	8	8	100	69
160	1	8	100	100
160	2	8	42	100
160	3	8	1	71
160	4	8	18	33
160	5	8	14	0
160	6	8	0	32
160	7	8	36	64
160	8	8	83	92
161	1	1	0	55
161	2	1	48	76
161	3	1	78	100
161	4	1	76	85
161	5	1	69	60
161	6	1	66	36
161	7	1	74	11
161	8	1	100	0
162	1	0	51	100
162	2	0	10	75
162	3	0	0	33
162	4	0	31	0
162	5	0	82	6
162	6	0	100	44
162	7	0	75	82
162	8	0	28	90
163	1	1	21	65
163	2	1	80	84
163	3	1	100	100
163	4	1	80	72
163	5	1	75	43
163	6	1	66	14
163	7	1	0	3
163	8	1	29	0
164	1	2	4	92
164	2	2	62	100
164	3	2	100	81
164	4	2	53	55
164	5	2	0	32
164	6	2	18	12
164	7	2	84	7
164	8	2	88	0
165	1	3	9	82
165	2	3	52	100
165	3	3	66	81
165	4	3	38	55
165	5	3	89	45
165	6	3	100	17
165	7	3	55	0
165	8	3	0	7
166	1	4	37	100
166	2	4	0	84
166	3	4	6	56
166	4	4	100	58
166	5	4	94	82
166	6	4	58	97
166	7	4	41	48
166	8	4	47	0
167	1	1	0	12
167	2	1	24	39
167	3	1	52	65
167	4	1	81	90
167	5	1	100	100
167	6	1	78	68
167	7	1	56	36
167	8	1	45	0
168	1	8	88	97
168	2	8	28	91
168	3	8	26	43
168	4	8	100	5
168	5	8	0	0
168	6	8	37	51
168	7	8	94	100
168	8	8	31	87
169	1	1	100	100
169	2	1	74	86
169	3	1	48	73
169	4	1	29	59
169	5	1	16	44
169	6	1	6	29
169	7	1	0	15
169	8	1	0	0
170	1	4	15	100
170	2	4	4	72
170	3	4	0	38
170	4	4	48	31
170	5	4	100	38
170	6	4	96	64
170	7	4	81	32
170	8	4	63	0
171	1	2	0	95
171	2	2	40	100
171	3	2	59	80
171	4	2	32	56
171	5	2	5	32
171	6	2	14	7
171	7	2	57	0
171	8	2	100	1
172	1	3	8	81
172	2	3	42	98
172	3	3	92	100
172	4	3	100	79
172	5	3	63	60
172	6	3	65	36
172	7	3	44	14
172	8	3	0	0
173	1	6	100	100
173	2	6	90	96
173	3	6	45	71
173	4	6	14	43
173	5	6	16	12
173	6	6	78	0
173	7	6	72	16
173	8	6	0	18
174	1	6	100	100
174	2	6	60	91
174	3	6	31	69
174	4	6	12	44
174	5	6	4	17
174	6	6	34	0
174	7	6	46	20
174	8	6	0	21
175	1	6	70	100
175	2	6	43	82
175	3	6	16	49
175	4	6	0	16
175	5	6	41	0
175	6	6	100	21
175	7	6	47	31
175	8	6	12	4
176	1	8	70	98
176	2	8	0	99
176	3	8	36	48
176	4	8	93	0
176	5	8	4	0
176	6	8	16	46
176	7	8	100	79
176	8	8	48	100
177	1	8	0	100
177	2	8	31	67
177	3	8	98	38
177	4	8	86	0
177	5	8	15	8
177	6	8	65	45
177	7	8	100	84
177	8	8	26	86
178	1	1	0	43
178	2	1	33	62
178	3	1	70	80
178	4	1	100	100
178	5	1	80	78
178	6	1	66	52
178	7	1	58	26
178	8	1	58	0
179	1	7	0	86
179	2	7	48	100
179	3	7	92	75
179	4	7	84	22
179	5	7	46	0
179	6	7	2	29
179	7	7	49	49
179	8	7	100	62
180	1	4	56	100
180	2	4	6	76
180	3	4	0	55
180	4	4	78	62
180	5	4	100	84
180	6	4	68	57
180	7	4	44	29
180	8	4	32	0
181	1	6	100	100
181	2	6	66	98
181	3	6	29	67
181	4	6	4	31
181	5	6	19	0
181	6	6	68	12
181	7	6	49	35
181	8	6	0	21
182	1	5	0	72
182	2	5	0	77
182	3	5	23	64
182	4	5	73	37
182	5	5	25	0
182	6	5	9	62
182	7	5	33	100
182	8	5	100	100
183	1	2	34	58
183	2	2	45	100
183	3	2	54	60
183	4	2	35	18
183	5	2	0	0
183	6	2	22	17
183	7	2	61	8
183	8	2	100	9
184	1	0	25	94
184	2	0	0	52
184	3	0	12	7
184	4	0	64	0
184	5	0	100	36
184	6	0	90	80
184	7	0	40	100
184	8	0	0	71
185	1	3	28	82
185	2	3	74	100
185	3	3	87	77
185	4	3	46	51
185	5	3	88	48
185	6	3	100	18
185	7	3	52	0
185	8	3	0	0
186	1	3	0	95
186	2	3	43	100
186	3	3	89	91
186	4	3	59	68
186	5	3	82	45
186	6	3	100	22
186	7	3	55	7
186	8	3	1	0
187	1	8	81	100
187	2	8	49	81
187	3	8	76	38
187	4	8	50	0
187	5	8	0	17
187	6	8	58	51
187	7	8	100	91
187	8	8	30	98
188	1	8	53	97
188	2	8	0	72
188	3	8	66	38
188	4	8	95	0
188	5	8	29	15
188	6	8	71	55
188	7	8	100	98
188	8	8	15	100
189	1	8	0	45
189	2	8	53	36
189	3	8	62	0
189	4	8	7	6
189	5	8	52	38
189	6	8	100	70
189	7	8	71	100
189	8	8	11	84
190	1	5	10	81
190	2	5	41	59
190	3	5	100	46
190	4	5	89	0
190	5	5	31	3
190	6	5	0	49
190	7	5	10	93
190	8	5	75	100
191	1	6	25	90
191	2	6	42	100
191	3	6	15	63
191	4	6	0	26
191	5	6	42	0
191	6	6	100	3
191	7	6	80	28
191	8	6	59	6
192	1	7	0	86
192	2	7	22	100
192	3	7	58	82
192	4	7	38	40
192	5	7	16	0
192	6	7	5	44
192	7	7	51	56
192	8	7	100	63
193	1	3	30	85
193	2	3	68	100
193	3	3	54	78
193	4	3	60	65
193	5	3	100	46
193	6	3	85	15
193	7	3	38	0
193	8	3	0	16
194	1	5	18	95
194	2	5	14	65
194	3	5	77	57
194	4	5	100	13
194	5	5	49	0
194	6	5	12	43
194	7	5	0	88
194	8	5	62	100
195	1	4	72	100
195	2	4	6	80
195	3	4	0	50
195	4	4	100	54
195	5	4	95	72
195	6	4	67	87
195	7	4	61	41
195	8	4	77	0
196	1	0	16	74
196	2	0	0	28
196	3	0	37	0
196	4	0	81	23
196	5	0	100	68
196	6	0	65	100
196	7	0	18	88
196	8	0	0	45
197	1	5	29	88
197	2	5	90	100
197	3	5	69	95
197	4	5	12	74
197	5	5	35	58
197	6	5	100	47
197	7	5	64	17
197	8	5	0	0
198	1	8	56	100
198	2	8	39	68
198	3	8	70	27
198	4	8	29	0
198	5	8	0	33
198	6	8	62	60
198	7	8	100	90
198	8	8	30	95
199	1	6	100	97
199	2	6	69	100
199	3	6	34	69
199	4	6	13	33
199	5	6	31	0
199	6	6	90	4
199	7	6	55	24
199	8	6	0	10
200	1	9	88	63
200	2	9	87	100
200	3	9	7	94
200	4	9	0	59
200	5	9	73	76
200	6	9	100	77
200	7	9	85	39
200	8	9	80	0
201	1	7	10	100
201	2	7	0	99
201	3	7	51	100
201	4	7	95	89
201	5	7	100	67
201	6	7	91	44
201	7	7	76	22
201	8	7	69	0
202	1	7	0	84
202	2	7	50	100
202	3	7	100	86
202	4	7	70	44
202	5	7	49	0
202	6	7	21	8
202	7	7	20	28
202	8	7	84	30
203	1	7	25	92
203	2	7	71	100
203	3	7	75	62
203	4	7	57	25
203	5	7	30	0
203	6	7	0	32
203	7	7	47	39
203	8	7	100	40
204	1	7	0	96
204	2	7	41	100
204	3	7	61	68
204	4	7	47	31
204	5	7	31	0
204	6	7	12	36
204	7	7	46	48
204	8	7	100	47
205	1	0	40	99
205	2	0	0	74
205	3	0	1	20
205	4	0	44	0
205	5	0	88	24
205	6	0	100	76
205	7	0	60	100
205	8	0	21	70
206	1	4	43	100
206	2	4	30	82
206	3	4	5	53
206	4	4	0	27
206	5	4	52	39
206	6	4	100	57
206	7	4	83	29
206	8	4	72	0
207	1	4	42	100
207	2	4	19	75
207	3	4	1	49
207	4	4	0	23
207	5	4	54	17
207	6	4	100	32
207	7	4	84	27
207	8	4	86	0
208	1	9	79	87
208	2	9	98	81
208	3	9	71	100
208	4	9	72	73
208	5	9	100	66
208	6	9	91	21
208	7	9	48	0
208	8	9	0	13
209	1	9	77	96
209	2	9	38	100
209	3	9	58	77
209	4	9	99	86
209	5	9	100	50
209	6	9	84	12
209	7	9	43	0
209	8	9	0	0
210	1	3	0	82
210	2	3	34	100
210	3	3	78	90
210	4	3	49	62
210	5	3	80	49
210	6	3	100	18
210	7	3	62	0
210	8	3	18	13
211	1	7	0	87
211	2	7	18	95
211	3	7	89	100
211	4	7	100	79
211	5	7	64	41
211	6	7	38	0
211	7	7	1	10
211	8	7	52	24
212	1	1	0	73
212	2	1	27	86
212	3	1	73	100
212	4	1	100	98
212	5	1	89	72
212	6	1	83	46
212	7	1	82	20
212	8	1	85	0
213	1	0	33	100
213	2	0	2	54
213	3	0	0	5
213	4	0	62	0
213	5	0	100	42
213	6	0	91	92
213	7	0	32	95
213	8	0	4	49
214	1	9	1	77
214	2	9	80	74
214	3	9	75	100
214	4	9	0	84
214	5	9	38	66
214	6	9	100	76
214	7	9	87	38
214	8	9	88	0
215	1	8	100	93
215	2	8	38	100
215	3	8	21	67
215	4	8	85	34
215	5	8	62	0
215	6	8	0	20
215	7	8	50	57
215	8	8	88	93
216	1	8	41	100
216	2	8	58	60
216	3	8	70	19
216	4	8	1	0
216	5	8	0	35
216	6	8	60	65
216	7	8	100	95
216	8	8	25	84
217	1	5	100	100
217	2	5	60	99
217	3	5	27	83
217	4	5	15	52
217	5	5	47	44
217	6	5	76	26
217	7	5	42	7
217	8	5	0	0
218	1	4	71	100
218	2	4	35	82
218	3	4	0	62
218	4	4	45	51
218	5	4	100	49
218	6	4	82	43
218	7	4	52	21
218	8	4	25	0
219	1	6	100	100
219	2	6	66	98
219	3	6	34	75
219	4	6	10	48
219	5	6	0	17
219	6	6	32	0
219	7	6	57	23
219	8	6	22	40
220	1	0	34	92
220	2	0	16	51
220	3	0	39	9
220	4	0	84	0
220	5	0	100	43
220	6	0	79	85
220	7	0	35	100
220	8	0	0	70
221	1	4	46	100
221	2	4	30	79
221	3	4	0	51
221	4	4	43	38
221	5	4	86	47
221	6	4	100	64
221	7	4	81	32
221	8	4	71	0
222	1	9	100	76
222	2	9	53	55
222	3	9	15	73
222	4	9	51	100
222	5	9	91	81
222	6	9	83	44
222	7	9	52	12
222	8	9	0	0
223	1	0	73	74
223	2	0	80	100
223	3	0	23	65
223	4	0	0	22
223	5	0	57	0
223	6	0	100	38
223	7	0	91	82
223	8	0	23	73
224	1	1	0	39
224	2	1	38	57
224	3	1	69	79
224	4	1	100	100
224	5	1	90	74
224	6	1	71	49
224	7	1	53	24
224	8	1	34	0
225	1	9	100	72
225	2	9	47	57
225	3	9	18	78
225	4	9	60	100
225	5	9	90	74
225	6	9	83	39
225	7	9	53	10
225	8	9	0	0
226	1	1	0	82
226	2	1	58	99
226	3	1	70	100
226	4	1	61	62
226	5	1	59	24
226	6	1	24	2
226	7	1	14	0
226	8	1	100	3
227	1	8	88	90
227	2	8	14	100
227	3	8	35	70
227	4	8	100	38
227	5	8	79	0
227	6	8	0	11
227	7	8	40	51
227	8	8	88	89
228	1	9	86	88
228	2	9	46	100
228	3	9	50	80
228	4	9	99	94
228	5	9	100	62
228	6	9	96	26
228	7	9	56	2
228	8	9	0	0
229	1	7	0	87
229	2	7	39	100
229	3	7	73	74
229	4	7	69	31
229	5	7	51	0
229	6	7	12	28
229	7	7	50	47
229	8	7	100	54
230	1	2	39	97
230	2	2	64	100
230	3	2	50	68
230	4	2	26	42
230	5	2	0	21
230	6	2	34	11
230	7	2	68	0
230	8	2	100	19
231	1	0	11	90
231	2	0	1	57
231	3	0	0	19
231	4	0	41	0
231	5	0	84	27
231	6	0	100	64
231	7	0	87	100
231	8	0	35	97
232	1	3	20	87
232	2	3	60	100
232	3	3	100	94
232	4	3	75	68
232	5	3	83	40
232	6	3	87	12
232	7	3	46	0
232	8	3	0	1
233	1	3	10	86
233	2	3	51	100
233	3	3	83	81
233	4	3	59	51
233	5	3	91	41
233	6	3	100	11
233	7	3	51	0
233	8	3	0	7
234	1	0	2	60
234	2	0	0	18
234	3	0	33	0
234	4	0	73	19
234	5	0	100	53
234	6	0	98	92
234	7	0	54	100
234	8	0	14	83
235	1	2	26	73
235	2	2	0	66
235	3	2	38	100
235	4	2	50	90
235	5	2	20	47
235	6	2	6	19
235	7	2	52	0
235	8	2	100	9
236	1	5	100	98
236	2	5	71	100
236	3	5	49	99
236	4	5	47	70
236	5	5	75	55
236	6	5	56	32
236	7	5	28	15
236	8	5	0	0
237	1	9	100	100
237	2	9	47	97
237	3	9	43	75
237	4	9	91	90
237	5	9	92	67
237	6	9	92	24
237	7	9	51	0
237	8	9	0	9
238	1	5	41	83
238	2	5	28	54
238	3	5	100	50
238	4	5	76	12
238	5	5	7	0
238	6	5	0	41
238	7	5	14	84
238	8	5	87	100
239	1	3	0	79
239	2	3	46	100
239	3	3	82	84
239	4	3	36	59
239	5	3	70	49
239	6	3	100	21
239	7	3	50	0
239	8	3	6	15
240	1	0	58	100
240	2	0	17	78
240	3	0	0	37
240	4	0	18	0
240	5	0	70	4
240	6	0	100	38
240	7	0	83	78
240	8	0	35	83
241	1	4	22	100
241	2	4	27	86
241	3	4	0	58
241	4	4	1	35
241	5	4	71	40
241	6	4	100	60
241	7	4	96	30
241	8	4	99	0
242	1	1	67	86
242	2	1	100	100
242	3	1	79	83
242	4	1	58	67
242	5	1	38	50
242	6	1	21	33
242	7	1	4	17
242	8	1	0	0
243	1	2	0	88
243	2	2	27	100
243	3	2	49	74
243	4	2	39	41
243	5	2	16	16
243	6	2	36	4
243	7	2	68	0
243	8	2	100	0
244	1	9	98	96
244	2	9	52	96
244	3	9	74	64
244	4	9	97	100
244	5	9	97	70
244	6	9	100	28
244	7	9	62	0
244	8	9	0	14
245	1	8	70	98
245	2	8	0	89
245	3	8	60	61
245	4	8	100	26
245	5	8	49	0
245	6	8	12	31
245	7	8	46	68
245	8	8	81	100
246	1	5	36	86
246	2	5	91	100
246	3	5	61	91
246	4	5	21	65
246	5	5	58	48
246	6	5	100	27
246	7	5	59	4
246	8	5	0	0
247	1	5	0	63
247	2	5	34	43
247	3	5	58	12
247	4	5	59	0
247	5	5	34	30
247	6	5	21	62
247	7	5	51	88
247	8	5	100	100
248	1	3	16	81
248	2	3	48	100
248	3	3	75	80
248	4	3	36	62
248	5	3	89	49
248	6	3	100	19
248	7	3	53	0
248	8	3	0	3
249	1	6	100	100
249	2	6	67	84
249	3	6	34	62
249	4	6	10	38
249	5	6	0	11
249	6	6	42	0
249	7	6	32	24
249	8	6	1	20
250	1	5	16	100
250	2	5	10	57
250	3	5	64	35
250	4	5	25	0
250	5	5	0	31
250	6	5	5	80
250	7	5	39	96
250	8	5	100	94
251	1	3	24	70
251	2	3	42	100
251	3	3	100	100
251	4	3	72	69
251	5	3	66	54
251	6	3	92	26
251	7	3	45	0
251	8	3	0	2
252	1	9	0	78
252	2	9	19	95
252	3	9	58	100
252	4	9	92	89
252	5	9	100	67
252	6	9	92	44
252	7	9	81	21
252	8	9	67	0
253	1	5	17	97
253	2	5	89	100
253	3	5	48	96
253	4	5	21	70
253	5	5	59	67
253	6	5	100	36
253	7	5	63	0
253	8	5	0	16
254	1	6	80	100
254	2	6	37	76
254	3	6	10	50
254	4	6	0	22
254	5	6	39	0
254	6	6	100	13
254	7	6	68	37
254	8	6	2	46
255	1	1	0	71
255	2	1	47	85
255	3	1	100	100
255	4	1	100	81
255	5	1	84	61
255	6	1	66	41
255	7	1	47	20
255	8	1	31	0
256	1	7	6	95
256	2	7	53	100
256	3	7	72	68
256	4	7	63	33
256	5	7	43	0
256	6	7	0	20
256	7	7	43	40
256	8	7	100	48
257	1	8	100	60
257	2	8	82	100
257	3	8	22	89
257	4	8	33	44
257	5	8	47	0
257	6	8	0	1
257	7	8	26	42
257	8	8	93	62
258	1	1	0	64
258	2	1	43	78
258	3	1	81	100
258	4	1	100	98
258	5	1	95	73
258	6	1	88	49
258	7	1	81	24
258	8	1	83	0
259	1	9	64	86
259	2	9	100	100
259	3	9	47	100
259	4	9	71	71
259	5	9	96	66
259	6	9	96	19
259	7	9	45	0
259	8	9	0	19
260	1	0	52	100
260	2	0	18	79
260	3	0	0	35
260	4	0	23	0
260	5	0	72	18
260	6	0	100	57
260	7	0	72	92
260	8	0	21	85
261	1	2	0	86
261	2	2	29	100
261	3	2	62	95
261	4	2	51	62
261	5	2	31	32
261	6	2	34	2
261	7	2	69	0
261	8	2	100	6
262	1	6	66	100
262	2	6	31	74
262	3	6	6	47
262	4	6	0	20
262	5	6	41	0
262	6	6	100	16
262	7	6	84	36
262	8	6	16	23
263	1	8	25	92
263	2	8	13	64
263	3	8	52	30
263	4	8	8	0
263	5	8	0	34
263	6	8	46	68
263	7	8	100	100
263	8	8	10	89
264	1	7	0	87
264	2	7	41	100
264	3	7	79	83
264	4	7	60	43
264	5	7	50	2
264	6	7	49	0
264	7	7	40	32
264	8	7	100	36
265	1	2	2	79
265	2	2	32	100
265	3	2	52	70
265	4	2	39	36
265	5	2	12	6
265	6	2	0	7
265	7	2	50	7
265	8	2	100	0
266	1	2	38	85
266	2	2	60	100
266	3	2	58	72
266	4	2	33	45
266	5	2	0	24
266	6	2	15	10
266	7	2	58	0
266	8	2	100	10
267	1	6	100	88
267	2	6	69	100
267	3	6	34	82
267	4	6	8	56
267	5	6	0	23
267	6	6	26	0
267	7	6	50	22
267	8	6	22	42
268	1	4	16	100
268	2	4	12	92
268	3	4	0	69
268	4	4	38	52
268	5	4	100	57
268	6	4	96	46
268	7	4	82	24
268	8	4	75	0
269	1	3	0	80
269	2	3	37	100
269	3	3	82	95
269	4	3	68	63
269	5	3	79	47
269	6	3	100	17
269	7	3	67	0
269	8	3	22	9
270	1	1	16	69
270	2	1	51	100
270	3	1	60	91
270	4	1	56	54
270	5	1	60	17
270	6	1	0	4
270	7	1	29	0
270	8	1	100	2
271	1	9	87	95
271	2	9	34	100
271	3	9	57	77
271	4	9	100	96
271	5	9	88	70
271	6	9	99	28
271	7	9	57	2
271	8	9	0	0
272	1	0	0	62
272	2	0	11	17
272	3	0	45	0
272	4	0	80	14
272	5	0	100	52
272	6	0	86	92
272	7	0	49	100
272	8	0	16	83
273	1	0	13	100
273	2	0	0	62
273	3	0	12	21
273	4	0	53	0
273	5	0	94	19
273	6	0	100	60
273	7	0	75	96
273	8	0	32	97
274	1	0	29	95
274	2	0	0	63
274	3	0	4	19
274	4	0	52	0
274	5	0	96	23
274	6	0	100	68
274	7	0	66	100
274	8	0	16	87
275	1	2	9	80
275	2	2	56	100
275	3	2	100	87
275	4	2	88	51
275	5	2	51	23
275	6	2	0	4
275	7	2	29	4
275	8	2	88	0
276	1	6	94	100
276	2	6	47	78
276	3	6	14	50
276	4	6	0	22
276	5	6	39	0
276	6	6	100	19
276	7	6	81	46
276	8	6	8	53
277	1	2	41	100
277	2	2	69	100
277	3	2	54	69
277	4	2	24	50
277	5	2	0	36
277	6	2	35	31
277	7	2	68	14
277	8	2	100	0
278	1	7	0	85
278	2	7	60	100
278	3	7	100	74
278	4	7	85	36
278	5	7	67	0
278	6	7	35	6
278	7	7	16	35
278	8	7	96	42
279	1	1	100	100
279	2	1	84	90
279	3	1	60	75
279	4	1	40	60
279	5	1	20	44
279	6	1	8	29
279	7	1	0	14
279	8	1	4	0
280	1	4	38	100
280	2	4	16	86
280	3	4	0	51
280	4	4	55	45
280	5	4	92	70
280	6	4	100	72
280	7	4	95	36
280	8	4	95	0
281	1	0	45	100
281	2	0	7	61
281	3	0	0	10
281	4	0	60	0
281	5	0	100	43
281	6	0	96	93
281	7	0	38	96
281	8	0	15	48
282	1	1	100	93
282	2	1	90	100
282	3	1	70	83
282	4	1	60	67
282	5	1	40	50
282	6	1	30	33
282	7	1	10	17
282	8	1	0	0
283	1	4	63	100
283	2	4	23	87
283	3	4	0	67
283	4	4	28	51
283	5	4	85	54
283	6	4	100	41
283	7	4	77	21
283	8	4	60	0
284	1	7	0	92
284	2	7	36	100
284	3	7	56	70
284	4	7	41	30
284	5	7	27	0
284	6	7	4	37
284	7	7	51	43
284	8	7	100	43
285	1	3	16	85
285	2	3	60	100
285	3	3	86	73
285	4	3	44	52
285	5	3	90	48
285	6	3	100	14
285	7	3	46	0
285	8	3	0	13
286	1	0	86	92
286	2	0	30	100
286	3	0	1	69
286	4	0	0	30
286	5	0	32	0
286	6	0	85	15
286	7	0	100	51
286	8	0	86	89
287	1	3	27	82
287	2	3	68	100
287	3	3	100	89
287	4	3	65	65
287	5	3	88	41
287	6	3	97	17
287	7	3	49	5
287	8	3	0	0
288	1	8	44	91
288	2	8	20	83
288	3	8	94	48
288	4	8	100	4
288	5	8	0	0
288	6	8	11	45
288	7	8	67	87
288	8	8	7	100
289	1	0	43	78
289	2	0	3	49
289	3	0	0	9
289	4	0	57	0
289	5	0	98	30
289	6	0	100	70
289	7	0	60	100
289	8	0	39	69
290	1	9	91	60
290	2	9	70	100
290	3	9	16	88
290	4	9	32	50
290	5	9	87	76
290	6	9	100	27
290	7	9	58	0
290	8	9	0	6
291	1	7	0	98
291	2	7	60	100
291	3	7	100	78
291	4	7	74	38
291	5	7	46	0
291	6	7	62	1
291	7	7	82	29
291	8	7	21	42
292	1	0	34	81
292	2	0	6	42
292	3	0	22	0
292	4	0	70	10
292	5	0	100	48
292	6	0	92	91
292	7	0	42	100
292	8	0	0	73
293	1	1	0	40
293	2	1	29	57
293	3	1	65	78
293	4	1	100	100
293	5	1	93	80
293	6	1	74	53
293	7	1	55	26
293	8	1	38	0
294	1	0	42	76
294	2	0	27	30
294	3	0	55	0
294	4	0	90	30
294	5	0	100	77
294	6	0	65	100
294	7	0	25	79
294	8	0	0	40
295	1	5	17	84
295	2	5	18	59
295	3	5	48	36
295	4	5	17	0
295	5	5	0	38
295	6	5	6	87
295	7	5	52	93
295	8	5	100	100
296	1	4	48	100
296	2	4	28	71
296	3	4	0	43
296	4	4	40	32
296	5	4	100	37
296	6	4	87	58
296	7	4	61	29
296	8	4	41	0
297	1	6	86	100
297	2	6	39	79
297	3	6	11	52
297	4	6	0	23
297	5	6	35	0
297	6	6	100	9
297	7	6	92	33
297	8	6	22	34
298	1	6	100	100
298	2	6	60	85
298	3	6	25	58
298	4	6	0	28
298	5	6	13	0
298	6	6	71	6
298	7	6	46	23
298	8	6	15	10
299	1	4	44	100
299	2	4	19	82
299	3	4	0	59
299	4	4	47	48
299	5	4	100	59
299	6	4	80	46
299	7	4	54	24
299	8	4	41	0
300	1	8	91	94
300	2	8	13	83
300	3	8	67	52
300	4	8	100	18
300	5	8	16	0
300	6	8	0	33
300	7	8	36	68
300	8	8	48	100
