1 20 20 100 0.085 0.0862552594670407 5.24499999999989 6.69800000000032 135.547
2 20 50 250 0.035 0.0677886863020103 5.28900000000021 6.65200000000004 139.697
3 100 50 100 0.075 0.0673211781206171 5.13599999999997 10.431 146.315
4 50 50 150 0.04 0.0535296867695184 5.15199999999959 8.63000000000011 144.072
5 100 20 150 0.04 0.0631136044880786 5.4069999999997 10.527 142.182
6 20 100 150 0.04 0.0659186535764376 5.096 6.5930000000003 144.163
7 20 50 150 0.045 0.0659186535764376 5.09699999999975 6.70100000000002 141.856
8 20 20 300 0.035 0.0677886863020103 5.17699999999968 6.57199999999966 132.734
9 100 50 200 0.03 0.0539971949509116 5.57799999999997 11.0940000000001 148.959
10 50 50 200 0.035 0.0575035063113605 5.12400000000025 8.00200000000041 142.329
