1 1 4 -2 -6 85 14 -5 2
1 2 4 0 2 74 -7 1 0
1 3 4 -4 -5 76 7 -11 4
1 4 4 -2 -2 78 1 -6 1
1 5 4 -4 4 76 -18 -13 -10
1 6 4 -2 4 74 -10 -9 -4
1 7 4 1 -9 87 13 -2 -10
1 8 4 -8 3 69 -13 -20 -5
1 9 4 -1 0 83 -2 -6 -8
1 10 4 -3 -6 83 6 -14 -5
1 11 4 -3 8 73 -19 -11 -3
1 12 4 -6 -1 80 -1 -20 6
1 13 4 0 -9 87 13 -5 2
1 14 4 -5 5 67 -17 -16 7
1 15 4 -6 -10 86 16 -14 -1
2 1 4 -2 -10 86 13 -7 -5
2 2 4 -5 4 73 -16 -18 -2
2 3 4 0 1 79 -5 -10 -4
2 4 4 -2 -6 87 5 -12 -1
2 5 4 -6 3 73 -16 -21 -5
2 6 4 2 -9 84 7 -6 -9
2 7 4 -1 -8 82 6 -8 0
2 8 4 1 3 78 -11 -2 -5
2 9 4 -3 -8 88 5 -13 -3
2 10 4 -1 -1 81 -4 -10 -13
2 11 4 -5 4 74 -17 -21 -15
2 12 4 -4 -14 84 17 -17 -4
2 13 4 1 -7 78 3 -7 -2
2 14 4 -9 6 75 -18 -28 -9
2 15 4 -1 -9 92 11 -15 -11
3 1 4 -4 -2 81 -11 -24 -10
3 2 4 -5 3 77 -29 -26 -6
3 3 4 -5 2 81 -27 -25 -13
3 4 4 -3 0 81 -28 -25 -12
3 5 4 -1 -11 76 -2 -20 -2
3 6 4 -2 -3 76 -20 -20 -7
3 7 4 -2 -2 82 -20 -22 -14
3 8 4 -4 3 76 -26 -23 -9
3 9 4 -6 -7 83 -4 -29 -20
3 10 4 -6 -2 79 -24 -29 -17
3 11 4 -2 -9 79 -8 -24 -13
3 12 4 -4 -5 78 -17 -23 -9
3 13 4 -2 -4 81 -16 -22 2
3 14 4 1 -9 74 -1 -19 -4
3 15 4 -3 1 84 -17 -24 -11
4 1 4 -3 1 84 -26 -22 -11
4 2 4 -1 -2 76 -21 -20 -17
4 3 4 -4 -2 78 -20 -27 -12
4 4 4 -5 -5 83 -11 -28 -11
4 5 4 0 -1 77 -22 -21 -18
4 6 4 -1 2 82 -31 -18 -11
4 7 4 -5 -6 80 -9 -29 -14
4 8 4 -4 -13 76 6 -26 -11
4 9 4 -9 -2 85 -17 -33 -13
4 10 4 -5 2 83 -27 -25 -10
4 11 4 -6 -5 78 -15 -27 -11
4 12 4 -8 -2 81 -20 -33 -10
4 13 4 -1 -1 84 -20 -18 -5
4 14 4 -3 -10 73 -7 -19 -8
4 15 4 -3 1 82 -24 -24 -1
5 1 4 -1 -11 76 5 -20 -13
5 2 4 -1 1 82 -24 -23 -18
5 3 4 -2 -1 78 -17 -23 -9
5 4 4 -7 0 80 -22 -25 -9
5 5 4 -8 7 78 -41 -27 -9
5 6 4 -5 0 77 -21 -25 -11
5 7 4 -2 -5 78 -12 -22 -10
5 8 4 -1 0 81 -25 -21 -6
5 9 4 0 -10 78 -3 -17 -8
5 10 4 0 9 78 -43 -15 -13
5 11 4 -4 1 82 -21 -26 -14
5 12 4 -6 -8 81 -7 -26 -9
5 13 4 -4 0 77 -21 -22 -10
5 14 4 -5 -1 81 -17 -27 -12
5 15 4 -5 -6 81 -6 -27 -9
6 1 1 184 -9 91 -34 280 0
6 2 1 132 -3 108 18 195 -5
6 3 1 97 6 118 -29 132 -2
6 4 1 81 18 104 -44 110 -7
6 5 1 36 17 91 -43 46 -13
6 6 1 -31 -13 94 10 -60 -11
6 7 1 -46 -10 81 -3 -85 -8
6 8 1 -41 4 63 -30 -78 -14
6 9 1 -41 -16 71 20 -79 -3
6 10 1 -32 -11 73 1 -68 -17
6 11 1 -11 7 75 -38 -39 -5
6 12 1 5 -6 76 -3 -9 -14
6 13 1 10 3 82 -24 1 -9
6 14 1 11 -1 88 -17 -1 -14
6 15 1 9 -2 82 -17 -3 -6
7 1 5 141 -130 85 283 234 29
7 2 5 59 -45 68 70 93 -9
7 3 5 15 10 95 -18 17 4
7 4 5 9 17 84 -36 1 6
7 5 5 8 7 85 -23 -2 -1
7 6 5 -9 -3 90 0 -25 1
7 7 5 -11 -8 78 2 -30 -4
7 8 5 -10 -10 81 0 -31 -3
7 9 5 -5 -8 82 2 -16 -8
7 10 5 -5 6 79 -20 -16 -6
7 11 5 -1 1 78 -15 -16 -21
7 12 5 2 -13 88 10 -10 -4
7 13 5 -3 -2 78 -7 -20 -2
7 14 5 -6 1 80 -12 -23 0
7 15 5 -7 -8 86 4 -24 -12
8 1 3 -69 122 31 -195 -62 25
8 2 3 -19 51 93 -87 -42 -20
8 3 3 -3 40 99 -72 -18 1
8 4 3 14 24 83 -37 16 -4
8 5 3 4 -10 91 8 -5 -13
8 6 3 0 -15 78 17 -6 4
8 7 3 -7 -13 77 11 -22 -6
8 8 3 -11 -15 86 18 -28 0
8 9 3 -6 6 73 -15 -15 -2
8 10 3 -3 10 75 -24 -19 -7
8 11 3 0 -13 94 20 -8 -7
8 12 3 -4 3 74 -17 -18 -7
8 13 3 -4 -2 81 -3 -22 -9
8 14 3 -5 -12 89 11 -16 -5
8 15 3 -3 -5 76 -4 -16 -12
9 1 5 15 -48 52 112 9 6
9 2 5 17 -39 77 57 22 -18
9 3 5 17 -14 84 9 9 -5
9 4 5 8 6 87 -22 -1 -5
9 5 5 1 6 86 -33 -17 -10
9 6 5 -5 -2 85 -18 -26 -9
9 7 5 -11 -1 82 -20 -33 -13
9 8 5 -10 -1 82 -20 -34 -15
9 9 5 -9 0 80 -19 -31 -17
9 10 5 -7 -3 80 -15 -28 -13
9 11 5 -3 -8 81 -4 -21 -12
9 12 5 0 -10 83 -1 -16 -8
9 13 5 -2 -2 82 -23 -22 -12
9 14 5 -2 -3 82 -22 -21 -15
9 15 5 -3 0 82 -25 -21 -11
10 1 3 18 46 84 -88 9 -14
10 2 3 -1 0 82 -23 -23 -11
10 3 3 -5 -16 81 -4 -23 -9
10 4 3 -1 1 84 -25 -16 -10
10 5 3 -7 -5 85 -20 -25 -10
10 6 3 1 -1 77 -20 -11 -8
10 7 3 -5 -3 83 -19 -25 -10
10 8 3 -7 -2 86 -24 -26 -14
10 9 3 -4 -4 81 -18 -22 -9
10 10 3 -7 -5 86 -16 -29 -9
10 11 3 -5 -4 84 -18 -22 -9
10 12 3 -4 -4 82 -18 -21 -9
10 13 3 -1 -18 83 17 -17 -12
10 14 3 -2 1 81 -24 -21 -4
10 15 3 -5 -4 84 -18 -22 -9
11 1 3 -37 -10 59 19 -11 -9
11 2 3 -40 -1 73 -13 -81 -13
11 3 3 -10 -6 73 -3 -25 -6
11 4 3 4 0 78 -5 -4 -6
11 5 3 1 -3 91 -5 -12 -12
11 6 3 -2 -3 89 -7 -12 -9
11 7 3 2 4 77 -19 -11 -9
11 8 3 -6 -13 97 17 -21 -4
11 9 3 5 1 76 -11 -1 -1
11 10 3 -1 -5 83 -2 -19 -7
11 11 3 -2 -10 90 5 -16 -9
11 12 3 -5 4 80 -24 -20 -11
11 13 3 -6 -5 84 0 -21 -6
11 14 3 -5 -7 86 3 -22 -4
11 15 3 -4 -3 80 -9 -16 -3
12 1 5 62 -136 10 421 459 90
12 2 5 68 -36 81 43 96 -8
12 3 5 64 -83 84 54 44 3
12 4 5 64 -2 103 -7 84 -11
12 5 5 64 11 100 -35 86 -5
12 6 5 37 13 92 -39 47 -8
12 7 5 -23 -10 85 -6 -48 -11
12 8 5 2 -2 96 -19 -11 -15
12 9 5 -29 -2 79 -16 -58 -12
12 10 5 -30 3 79 -35 -65 -10
12 11 5 -9 -7 79 -9 -30 -8
12 12 5 -25 -12 79 3 -54 -3
12 13 5 1 1 81 -30 -15 -13
12 14 5 2 -1 84 -18 -15 -19
12 15 5 1 -5 83 -8 -14 -11
13 1 2 -107 -21 143 137 -180 -37
13 2 2 -28 -4 69 -12 -47 -9
13 3 2 7 4 75 -19 -1 -9
13 4 2 -2 -3 95 -14 -18 -7
13 5 2 13 1 88 -17 8 -14
13 6 2 23 8 86 -34 21 -5
13 7 2 8 -13 89 10 1 -6
13 8 2 -8 -9 89 1 -22 -10
13 9 2 -7 0 84 -18 -23 -20
13 10 2 -14 2 87 -21 -39 -16
13 11 2 -14 -5 83 -10 -37 -11
13 12 2 -9 -4 86 -17 -32 -10
13 13 2 -2 0 84 -17 -18 -13
13 14 2 1 -4 84 -12 -15 -14
13 15 2 -3 1 95 -20 -32 -8
14 1 1 180 69 52 215 186 13
14 2 1 144 41 97 -55 183 -30
14 3 1 100 35 132 -67 136 -8
14 4 1 83 68 94 -113 130 -9
14 5 1 21 19 107 -34 27 -5
14 6 1 -8 -24 105 24 -28 -11
14 7 1 -6 -20 77 21 -21 -6
14 8 1 -19 -22 78 23 -40 -5
14 9 1 -27 -12 79 6 -51 -7
14 10 1 -15 -5 78 -11 -35 -9
14 11 1 -4 -2 87 -6 -19 -6
14 12 1 2 -3 84 -12 -10 -11
14 13 1 -6 8 84 -35 -26 -8
14 14 1 1 -9 92 1 -14 -10
14 15 1 1 0 81 -18 -12 -14
15 1 2 -4 -8 88 16 -4 -10
15 2 2 -23 -11 68 -39 -74 -49
15 3 2 -35 -12 74 14 -19 -5
15 4 2 -12 -5 75 10 -12 0
15 5 2 -5 4 80 -4 -4 6
15 6 2 4 12 81 -26 7 -5
15 7 2 14 -6 93 12 30 0
15 8 2 9 -1 82 -3 21 1
15 9 2 5 -1 86 0 15 -10
15 10 2 0 -9 87 17 4 -2
15 11 2 -2 1 82 -5 -3 -3
15 12 2 6 -5 81 9 16 -4
15 13 2 -3 -3 90 0 -5 -5
15 14 2 1 5 79 -8 7 1
15 15 2 1 0 84 -3 7 4
16 1 2 12 8 94 -9 35 -1
16 2 2 16 16 70 -18 53 16
16 3 2 7 34 95 -59 27 2
16 4 2 14 14 107 -19 35 7
16 5 2 6 16 87 -29 14 3
16 6 2 4 -3 86 9 16 2
16 7 2 -2 -16 88 27 -4 5
16 8 2 -121 143 57 -237 -126 -119
16 9 2 -13 -4 69 23 -39 20
16 10 2 44 -61 52 88 57 -7
16 11 2 15 -5 61 10 25 1
16 12 2 -17 19 64 -24 -21 -2
16 13 2 -4 -10 74 23 -4 -5
16 14 2 9 -4 62 9 13 -1
16 15 2 -5 3 70 0 -7 2
17 1 1 -12 -20 109 27 -44 -14
17 2 1 -17 -10 82 14 -32 0
17 3 1 -19 -2 78 2 -32 -4
17 4 1 -31 -10 79 13 -53 -7
17 5 1 -8 -18 77 32 -10 -4
17 6 1 9 3 76 -4 16 6
17 7 1 3 0 81 -1 10 6
17 8 1 3 -7 83 16 6 -8
17 9 1 7 0 80 1 14 -1
17 10 1 0 -5 78 8 -2 1
17 11 1 -4 -8 85 12 -10 3
17 12 1 0 5 73 -11 0 0
17 13 1 0 -3 83 4 1 -6
17 14 1 -1 -7 85 14 0 2
17 15 1 3 5 77 -12 3 -2
