1 1 3 -2 -1 81 0 -5 0
1 2 3 -2 -1 79 0 -4 0
1 3 3 -2 -1 79 0 -4 0
1 4 3 -2 -1 80 0 -4 0
1 5 3 -3 -1 79 1 -5 1
1 6 3 -2 -1 81 0 -5 0
1 7 3 -2 -1 80 0 -4 0
1 8 3 -2 -1 79 0 -4 0
1 9 3 -2 -1 79 0 -4 0
1 10 3 -2 -1 79 0 -4 0
1 11 3 -2 -1 80 1 -4 0
1 12 3 -1 -1 80 0 -4 1
1 13 3 -2 -1 78 0 -5 0
1 14 3 -3 -1 80 1 -4 1
1 15 3 -2 -1 79 0 -4 0
2 1 3 6 -1 79 -2 4 -3
2 2 3 42 -3 80 5 53 3
2 3 3 -5 4 74 -15 -10 -1
2 4 3 -4 -17 93 26 -6 -3
2 5 3 2 1 74 -6 -3 -4
2 6 3 0 -5 78 3 -6 0
2 7 3 -3 -7 83 8 -5 -3
2 8 3 -6 2 71 -12 -11 1
2 9 3 -3 3 76 -6 -9 -4
2 10 3 -2 -9 86 16 -8 -2
2 11 3 -4 2 77 -5 -7 2
2 12 3 2 -3 81 7 1 9
2 13 3 -1 -5 80 6 -6 0
2 14 3 -4 5 78 -14 -9 -4
2 15 3 -4 1 80 -3 -12 5
3 1 3 -4 -2 81 -11 -24 -10
3 2 3 -5 3 77 -29 -26 -6
3 3 3 -5 2 81 -27 -25 -13
3 4 3 -3 0 81 -28 -25 -12
3 5 3 -1 -11 76 -2 -20 -2
3 6 3 -2 -3 76 -20 -20 -7
3 7 3 -2 -2 82 -20 -22 -14
3 8 3 -4 3 76 -26 -23 -9
3 9 3 -6 -7 83 -4 -29 -20
3 10 3 -6 -2 79 -24 -29 -17
3 11 3 -2 -9 79 -8 -24 -13
3 12 3 -4 -5 78 -17 -23 -9
3 13 3 -2 -4 81 -16 -22 2
3 14 3 1 -9 74 -1 -19 -4
3 15 3 -3 1 84 -17 -24 -11
4 1 3 -3 1 84 -26 -22 -11
4 2 3 -1 -2 76 -21 -20 -17
4 3 3 -4 -2 78 -20 -27 -12
4 4 3 -5 -5 83 -11 -28 -11
4 5 3 0 -1 77 -22 -21 -18
4 6 3 -1 2 82 -31 -18 -11
4 7 3 -5 -6 80 -9 -29 -14
4 8 3 -4 -13 76 6 -26 -11
4 9 3 -9 -2 85 -17 -33 -13
4 10 3 -5 2 83 -27 -25 -10
4 11 3 -6 -5 78 -15 -27 -11
4 12 3 -8 -2 81 -20 -33 -10
4 13 3 -1 -1 84 -20 -18 -5
4 14 3 -3 -10 73 -7 -19 -8
4 15 3 -3 1 82 -24 -24 -1
5 1 3 0 -4 80 -22 -22 -18
5 2 3 0 -9 82 -9 -22 -8
5 3 3 -2 0 82 -25 -22 -6
5 4 3 -3 -2 80 -26 -23 -8
5 5 3 -4 -6 74 -14 -25 -11
5 6 3 -9 -1 87 -23 -31 -6
5 7 3 -8 -1 84 -15 -28 -6
5 8 3 0 -4 69 -17 -18 -1
5 9 3 18 47 80 -85 8 -10
5 10 3 -5 -2 82 -17 -32 -11
5 11 3 -4 -16 76 -1 -22 -8
5 12 3 2 1 81 -25 -13 -8
5 13 3 -4 -2 83 -22 -23 -8
5 14 3 -1 -6 76 -14 -22 -9
5 15 3 -3 -1 83 -26 -24 -9
6 1 3 -4 3 76 -11 -16 -5
6 2 3 -2 -13 91 18 -12 -5
6 3 3 0 0 71 -9 -6 -4
6 4 3 -4 0 76 -4 -21 -5
6 5 3 -3 -7 89 3 -16 -16
6 6 3 -2 -1 82 -9 -11 -7
6 7 3 -6 4 73 -11 -20 -4
6 8 3 -5 -9 86 9 -22 -2
6 9 3 1 -3 78 1 -3 -4
6 10 3 -3 -3 79 -4 -25 0
6 11 3 0 -12 90 19 -12 -7
6 12 3 0 11 66 -29 -11 -6
6 13 3 -4 -1 83 -7 -18 -13
6 14 3 2 -9 83 7 -5 -6
6 15 3 1 0 74 -6 -8 3
7 1 3 -2 -3 82 -15 -21 -6
7 2 3 -4 4 77 -28 -24 -14
7 3 3 -4 -9 78 6 -20 -8
7 4 3 -5 -2 79 -12 -26 -11
7 5 3 -6 -5 78 -12 -27 -12
7 6 3 -6 0 81 -24 -29 -5
7 7 3 -2 2 78 -33 -22 -9
7 8 3 2 -4 82 -11 -14 -11
7 9 3 -1 -1 81 -22 -21 -12
7 10 3 -1 -7 76 -9 -20 -12
7 11 3 -5 3 78 -32 -25 -16
7 12 3 -7 0 77 -19 -26 -4
7 13 3 -5 -11 80 1 -27 -16
7 14 3 -3 -2 81 -19 -25 -10
7 15 3 -1 -8 80 -1 -17 2
8 1 2 90 11 361 -423 756 -122
8 2 2 49 26 99 23 21 52
8 3 2 15 14 83 -46 18 -6
8 4 2 26 12 98 -19 34 -3
8 5 2 18 18 78 -39 15 -9
8 6 2 3 -2 85 -9 -8 -13
8 7 2 -6 -8 84 6 -21 -10
8 8 2 -6 -3 76 -7 -20 -3
8 9 2 -12 -8 79 3 -32 -7
8 10 2 -7 -9 81 0 -23 -8
8 11 2 1 -2 76 -2 -1 -5
8 12 2 1 0 79 -9 -14 -4
8 13 2 -4 -1 86 -13 -25 -5
8 14 2 3 -3 80 -3 -4 -2
8 15 2 -6 4 83 -24 -27 -9
9 1 4 -69 122 31 -195 -62 25
9 2 4 -19 51 93 -87 -42 -20
9 3 4 -3 40 99 -72 -18 1
9 4 4 14 24 83 -37 16 -4
9 5 4 4 -10 91 8 -5 -13
9 6 4 0 -15 78 17 -6 4
9 7 4 -7 -13 77 11 -22 -6
9 8 4 -11 -15 86 18 -28 0
9 9 4 -6 6 73 -15 -15 -2
9 10 4 -3 10 75 -24 -19 -7
9 11 4 0 -13 94 20 -8 -7
9 12 4 -4 3 74 -17 -18 -7
9 13 4 -4 -2 81 -3 -22 -9
9 14 4 -5 -12 89 11 -16 -5
9 15 4 -3 -5 76 -4 -16 -12
10 1 4 -20 20 77 -14 0 -22
10 2 4 21 -24 67 34 25 -11
10 3 4 20 -26 89 28 11 -12
10 4 4 17 -2 87 -19 11 -12
10 5 4 17 7 88 -27 11 -13
10 6 4 4 -2 87 -23 -9 -13
10 7 4 -10 -13 84 3 -32 -7
10 8 4 -15 -3 83 -12 -41 -13
10 9 4 -10 4 78 -30 -31 -8
10 10 4 -8 -8 81 -11 -30 -9
10 11 4 -7 -4 80 -15 -25 -7
10 12 4 -4 -6 84 -15 -23 -6
10 13 4 2 -3 80 -22 -12 -5
10 14 4 -5 -1 81 -22 -23 -5
10 15 4 -4 -1 81 -17 -22 -6
11 1 4 15 -48 52 112 9 6
11 2 4 17 -39 77 57 22 -18
11 3 4 17 -14 84 9 9 -5
11 4 4 8 6 87 -22 -1 -5
11 5 4 1 6 86 -33 -17 -10
11 6 4 -5 -2 85 -18 -26 -9
11 7 4 -11 -1 82 -20 -33 -13
11 8 4 -10 -1 82 -20 -34 -15
11 9 4 -9 0 80 -19 -31 -17
11 10 4 -7 -3 80 -15 -28 -13
11 11 4 -3 -8 81 -4 -21 -12
11 12 4 0 -10 83 -1 -16 -8
11 13 4 -2 -2 82 -23 -22 -12
11 14 4 -2 -3 82 -22 -21 -15
11 15 4 -3 0 82 -25 -21 -11
12 1 2 46 29 59 -98 125 -16
12 2 2 19 18 96 -42 10 -6
12 3 2 27 23 93 -42 31 -9
12 4 2 -10 -9 84 -1 -29 -12
12 5 2 7 1 93 -8 -3 -7
12 6 2 -16 -17 84 14 -35 -13
12 7 2 -16 -13 86 8 -39 -8
12 8 2 -5 5 71 -25 -21 -9
12 9 2 -4 -7 87 0 -18 -1
12 10 2 1 4 81 -19 -11 -6
12 11 2 -5 -6 89 -3 -24 -9
12 12 2 -10 -5 82 -2 -22 -8
12 13 2 -4 -7 84 -2 -16 -8
12 14 2 -3 -3 80 -7 -13 -1
12 15 2 0 -15 86 13 -11 -1
13 1 1 -45 -23 113 57 -97 -45
13 2 1 -90 -20 53 -7 -206 49
13 3 1 -35 -20 57 34 -65 6
13 4 1 -10 -18 73 18 -23 -3
13 5 1 23 25 75 -38 15 -5
13 6 1 8 11 78 -21 -7 -8
13 7 1 -5 -22 68 25 -16 -11
13 8 1 -7 -2 53 -7 -21 -8
13 9 1 -9 -5 71 1 -29 -11
13 10 1 -4 0 71 -8 -21 -7
13 11 1 -2 -1 69 -7 -18 -6
13 12 1 -3 -7 68 1 -22 -12
13 13 1 -7 -7 67 4 -21 -3
13 14 1 -7 3 66 -18 -27 -5
13 15 1 0 -2 68 -4 -14 -8
14 1 2 -1 -13 89 13 -13 -8
14 2 2 -46 -3 83 -28 -129 1
14 3 2 -41 4 74 -19 -81 -6
14 4 2 -21 -8 78 2 -49 -6
14 5 2 5 -1 82 -10 -8 -10
14 6 2 17 5 85 -22 9 -9
14 7 2 16 5 91 -22 10 -6
14 8 2 9 -5 89 -7 -2 -9
14 9 2 -4 3 84 -26 -22 -19
14 10 2 -2 -13 85 19 -18 0
14 11 2 -8 -7 82 -3 -29 -11
14 12 2 -11 -5 85 -11 -38 -17
14 13 2 -8 -2 84 -13 -33 -10
14 14 2 -5 4 83 -17 -17 -11
14 15 2 -6 -7 85 -6 -29 -10
15 1 2 -107 -21 143 137 -180 -37
15 2 2 -28 -4 69 -12 -47 -9
15 3 2 7 4 75 -19 -1 -9
15 4 2 -2 -3 95 -14 -18 -7
15 5 2 13 1 88 -17 8 -14
15 6 2 23 8 86 -34 21 -5
15 7 2 8 -13 89 10 1 -6
15 8 2 -8 -9 89 1 -22 -10
15 9 2 -7 0 84 -18 -23 -20
15 10 2 -14 2 87 -21 -39 -16
15 11 2 -14 -5 83 -10 -37 -11
15 12 2 -9 -4 86 -17 -32 -10
15 13 2 -2 0 84 -17 -18 -13
15 14 2 1 -4 84 -12 -15 -14
15 15 2 -3 1 95 -20 -32 -8
16 1 2 180 69 52 215 186 13
16 2 2 144 41 97 -55 183 -30
16 3 2 100 35 132 -67 136 -8
16 4 2 83 68 94 -113 130 -9
16 5 2 21 19 107 -34 27 -5
16 6 2 -8 -24 105 24 -28 -11
16 7 2 -6 -20 77 21 -21 -6
16 8 2 -19 -22 78 23 -40 -5
16 9 2 -27 -12 79 6 -51 -7
16 10 2 -15 -5 78 -11 -35 -9
16 11 2 -4 -2 87 -6 -19 -6
16 12 2 2 -3 84 -12 -10 -11
16 13 2 -6 8 84 -35 -26 -8
16 14 2 1 -9 92 1 -14 -10
16 15 2 1 0 81 -18 -12 -14
17 1 1 79 168 12 -297 -129 -97
17 2 1 56 36 108 -66 46 -9
17 3 1 62 -52 100 50 62 -11
17 4 1 2 16 59 -28 -11 -10
17 5 1 -71 -24 66 21 -108 -12
17 6 1 -38 -23 55 17 -64 -8
17 7 1 23 8 66 -18 19 -6
17 8 1 11 1 84 -7 -1 -11
17 9 1 5 2 73 -13 -8 -11
17 10 1 -5 -6 64 -5 -23 -16
17 11 1 -12 -18 69 18 -30 -8
17 12 1 -10 2 69 -17 -32 -14
17 13 1 0 4 73 -16 -19 -10
17 14 1 -1 -9 76 0 -20 -20
17 15 1 -4 -1 66 -14 -24 -7
