1 1 2 -2 2 20 5 -6 -1
1 2 2 -2 1 20 5 -6 0
1 3 2 -2 1 23 5 -6 0
1 4 2 -2 2 20 5 -6 -1
1 5 2 -3 1 22 5 -6 -1
1 6 2 -2 2 20 5 -6 -1
1 7 2 -2 2 20 5 -6 -1
1 8 2 -3 3 20 5 -6 -1
1 9 2 -2 1 13 7 -3 -1
1 10 2 -3 1 4 3 -7 0
1 11 2 -1 0 13 4 -5 -1
1 12 2 -4 3 15 2 -11 -1
1 13 2 -1 2 29 7 -6 -1
1 14 2 1 -1 23 9 2 0
1 15 2 -2 2 29 3 -6 0
2 1 2 -2 2 20 5 -6 -1
2 2 2 -2 2 19 5 -7 0
2 3 2 -2 2 20 5 -6 -1
2 4 2 -2 2 20 5 -6 -1
2 5 2 -2 2 22 4 -7 -1
2 6 2 -2 2 22 4 -7 -1
2 7 2 -2 2 22 5 -6 -1
2 8 2 -2 2 22 5 -5 -1
2 9 2 -2 2 24 2 -6 0
2 10 2 0 0 22 4 -3 -1
2 11 2 -2 1 31 2 -6 -1
2 12 2 -3 2 23 4 -8 -2
2 13 2 -2 1 29 7 -5 -2
2 14 2 -2 2 41 4 -5 -2
2 15 2 -3 1 3 5 -6 0
3 1 2 -2 2 20 5 -6 -1
3 2 2 -3 1 18 4 -6 0
3 3 2 -2 2 20 5 -6 -1
3 4 2 -2 2 20 5 -6 -1
3 5 2 -2 1 20 5 -6 0
3 6 2 -3 1 20 5 -6 -1
3 7 2 -2 2 20 3 -6 -1
3 8 2 -2 2 20 5 -6 -1
3 9 2 -3 1 9 7 -8 0
3 10 2 -4 2 11 3 -7 -1
3 11 2 -6 3 23 -2 -11 0
3 12 2 -3 0 18 7 -10 0
3 13 2 -4 0 17 4 -9 -1
3 14 2 -4 0 32 4 -10 -1
3 15 2 -2 1 30 5 -5 -1
4 1 2 -2 2 20 4 -7 -1
4 2 2 -2 1 19 5 -7 0
4 3 2 -2 1 22 5 -6 0
4 4 2 -2 1 20 5 -6 0
4 5 2 -2 2 22 4 -7 -1
4 6 2 -2 2 20 5 -6 -1
4 7 2 -2 2 20 5 -7 -1
4 8 2 -2 1 19 5 -7 0
4 9 2 0 0 16 4 -1 0
4 10 2 -3 2 20 3 -6 0
4 11 2 -1 0 25 4 -6 -1
4 12 2 -2 1 28 5 -4 0
4 13 2 -2 4 12 -1 -8 -1
4 14 2 -3 0 4 6 -8 0
4 15 2 -5 4 38 -1 -16 -1
5 1 2 -1 1 19 4 -6 0
5 2 2 -2 2 18 4 -6 0
5 3 2 -2 1 19 4 -6 0
5 4 2 -2 1 19 4 -6 0
5 5 2 -2 1 19 4 -6 0
5 6 2 -2 1 19 4 -6 0
5 7 2 -2 1 21 5 -6 0
5 8 2 -1 2 21 3 -6 1
5 9 2 0 1 14 1 -3 0
5 10 2 -6 5 11 -4 -12 0
5 11 2 -4 1 4 5 -6 0
5 12 2 0 0 2 8 -5 0
5 13 2 0 1 36 3 -1 -1
5 14 2 0 1 14 5 -3 1
5 15 2 1 0 24 11 -2 0
6 1 2 2 0 17 3 -4 0
6 2 2 2 0 28 3 -3 -1
6 3 2 2 1 24 1 -4 0
6 4 2 0 1 17 3 -4 1
6 5 2 -1 2 18 -2 -6 0
6 6 2 0 0 16 1 -6 -1
6 7 2 -1 2 11 -1 -8 0
6 8 2 0 0 18 1 -5 -1
6 9 2 0 0 11 2 -8 0
6 10 2 -1 0 -1 3 -4 0
6 11 2 1 0 25 0 -3 -2
6 12 2 0 0 22 2 -6 0
6 13 2 1 0 17 2 -4 0
6 14 2 2 0 27 3 -2 -1
6 15 2 2 0 15 0 -4 -1
7 1 2 -1 2 18 -2 -6 0
7 2 2 0 0 16 1 -6 -1
7 3 2 -1 2 11 -1 -8 0
7 4 2 0 0 18 1 -5 -1
7 5 2 0 0 11 2 -8 0
7 6 2 -1 0 -1 3 -4 0
7 7 2 1 0 25 0 -3 -2
7 8 2 0 0 22 2 -6 0
7 9 2 1 0 17 2 -4 0
7 10 2 2 0 27 3 -2 -1
7 11 2 2 0 15 0 -4 -1
7 12 2 0 0 19 -1 -3 -1
7 13 2 0 0 11 2 -4 0
7 14 2 0 0 6 0 -7 0
7 15 2 -1 1 13 -4 -9 0
8 1 2 0 0 16 1 -6 -1
8 2 2 -1 2 11 -1 -8 0
8 3 2 0 0 18 1 -5 -1
8 4 2 0 0 11 2 -8 0
8 5 2 -1 0 -1 3 -4 0
8 6 2 1 0 25 0 -3 -2
8 7 2 0 0 22 2 -6 0
8 8 2 1 0 17 2 -4 0
8 9 2 2 0 27 3 -2 -1
8 10 2 2 0 15 0 -4 -1
8 11 2 0 0 19 -1 -3 -1
8 12 2 0 0 11 2 -4 0
8 13 2 0 0 6 0 -7 0
8 14 2 -1 1 13 -4 -9 0
8 15 2 -2 0 10 -4 -7 -2
9 1 2 -4 0 8 6 -2 2
9 2 2 -4 0 5 5 -3 2
9 3 2 -4 0 7 5 -2 2
9 4 2 -4 0 8 4 -3 2
9 5 2 -3 0 8 4 -2 3
9 6 2 -4 0 7 5 -2 2
9 7 2 -4 0 8 4 -2 2
9 8 2 -4 0 8 6 -2 2
9 9 2 -6 0 14 4 -4 1
9 10 2 -3 0 2 4 -1 1
9 11 2 -2 -1 1 7 2 1
9 12 2 -4 1 2 3 -5 1
9 13 2 -6 0 8 3 -7 1
9 14 2 -3 -1 2 6 2 1
9 15 2 -5 2 2 0 -5 1
10 1 1 -15 22 123 -98 1 -15
10 2 1 29 19 13 23 59 17
10 3 1 20 -14 38 1 44 -6
10 4 1 8 -12 23 16 7 -2
10 5 1 -2 1 16 3 7 -2
10 6 1 -2 2 22 0 8 -3
10 7 1 -1 2 21 1 7 -2
10 8 1 -4 3 19 1 5 -4
10 9 1 -4 1 19 4 4 -3
10 10 1 -6 3 4 -4 3 -4
10 11 1 -3 3 15 2 3 -4
10 12 1 -3 2 22 1 7 -3
10 13 1 -4 2 18 -1 5 -3
10 14 1 -5 3 3 -5 1 -4
10 15 1 -6 5 3 -7 1 -3
11 1 1 49 -5 16 7 64 0
11 2 1 24 -30 28 46 33 -1
11 3 1 16 -20 22 31 26 0
11 4 1 15 1 5 3 26 1
11 5 1 1 15 14 -20 4 0
11 6 1 -13 11 -4 -11 -12 -1
11 7 1 -14 0 5 4 -15 -1
11 8 1 3 -2 -1 1 0 0
11 9 1 4 0 -3 1 5 0
11 10 1 2 1 4 -3 0 -1
11 11 1 3 1 -3 -2 2 -1
11 12 1 1 0 -3 -1 1 -1
11 13 1 -1 0 -10 -2 -1 -1
11 14 1 1 -1 2 1 3 -1
11 15 1 3 -4 -3 7 3 -1
12 1 1 -11 9 16 -17 -22 6
12 2 1 -17 4 10 -2 -28 -2
12 3 1 3 2 -2 -1 7 0
12 4 1 -11 6 4 -3 -10 -1
12 5 1 -18 7 -1 -8 -18 -1
12 6 1 -20 11 7 -9 -21 -1
12 7 1 -16 10 -7 -10 -20 -2
12 8 1 -16 9 -3 -11 -18 -2
12 9 1 -13 6 10 -5 -17 -2
12 10 1 -1 -1 -11 0 0 -1
12 11 1 -1 0 -1 2 -4 -2
12 12 1 -1 -1 8 1 1 -1
12 13 1 0 0 8 -1 -1 -1
12 14 1 -1 -1 10 3 1 -2
12 15 1 -1 -1 -2 1 2 -1
13 1 1 59 -6 46 41 191 -14
13 2 1 32 -2 47 22 112 -23
13 3 1 43 9 23 -6 144 -30
13 4 1 30 0 56 11 125 -35
13 5 1 28 7 45 0 114 -27
13 6 1 22 5 31 0 89 -23
13 7 1 18 7 52 2 75 -19
13 8 1 -2 3 12 -6 -14 -1
13 9 1 0 1 12 -8 -9 -4
13 10 1 1 3 23 4 -3 -1
13 11 1 -1 0 6 -6 -13 -1
13 12 1 1 -1 13 -9 -9 0
13 13 1 2 0 -3 -13 -13 -3
13 14 1 0 1 3 -19 -17 -2
13 15 1 0 1 -1 -11 -17 -2
14 1 1 25 12 40 -29 61 -5
14 2 1 66 45 98 -107 158 1
14 3 1 -3 -1 8 -13 -1 2
14 4 1 -4 2 -1 -12 -14 0
14 5 1 -4 2 18 0 -4 0
14 6 1 -5 -2 24 1 -16 -5
14 7 1 -4 2 25 0 -13 -8
14 8 1 -2 0 5 -8 -14 -6
14 9 1 -1 2 19 2 -12 -6
14 10 1 2 -2 -27 -19 -30 -3
14 11 1 11 3 -30 6 -4 3
14 12 1 22 10 -32 7 42 22
14 13 1 15 2 -240 36 38 0
14 14 1 13 -2 -193 32 37 -10
14 15 1 3 -14 -210 26 11 -68
15 1 1 16 16 31 -26 69 -27
15 2 1 12 8 11 -29 54 -26
15 3 1 -9 5 24 -9 -15 -5
15 4 1 -6 0 15 0 -21 17
15 5 1 -4 -2 2 -8 -17 -14
15 6 1 -9 6 22 -10 -10 -28
15 7 1 -7 6 27 2 -12 8
15 8 1 -2 1 16 0 -9 -1
15 9 1 0 -1 16 3 -4 -2
15 10 1 0 -1 25 3 -2 -1
15 11 1 0 -2 17 5 -1 -3
15 12 1 -1 1 27 -1 -2 -3
15 13 1 0 2 10 -11 -8 -4
15 14 1 -1 0 -8 -10 -15 -4
15 15 1 0 1 5 -7 -9 -3
16 1 1 -19 4 47 -47 -57 -30
16 2 1 -28 31 30 -135 -78 -40
16 3 1 -31 34 45 -167 -91 -49
16 4 1 -24 42 50 -221 -82 -42
16 5 1 -16 55 35 -266 -52 -23
16 6 1 0 1 22 -4 9 9
16 7 1 -7 8 21 -14 0 -2
16 8 1 0 4 22 -7 -26 15
16 9 1 -2 0 16 -7 8 -3
16 10 1 -1 -1 11 2 5 -2
16 11 1 -1 1 15 2 2 -2
16 12 1 -1 0 18 6 5 -2
16 13 1 -3 -1 17 3 2 -2
16 14 1 -2 1 -5 1 -2 -2
16 15 1 -2 0 10 4 1 -3
17 1 1 30 -30 34 43 45 0
17 2 1 42 -31 26 47 63 -1
17 3 1 37 -21 14 29 53 -1
17 4 1 26 -14 20 16 40 -1
17 5 1 26 -14 16 19 41 -2
17 6 1 26 -18 9 27 42 -1
17 7 1 22 -13 9 18 35 -1
17 8 1 -1 0 2 -1 5 -4
17 9 1 -2 1 2 -2 1 -4
17 10 1 -1 -1 -1 1 2 -3
17 11 1 -2 0 10 -1 1 -2
17 12 1 -2 0 1 -1 0 -3
17 13 1 -1 0 2 -1 5 -4
17 14 1 -2 1 2 -2 1 -4
17 15 1 -1 -1 -1 1 2 -3
18 1 1 -17 -30 -163 -115 33 3
18 2 1 -21 -40 -431 -90 96 7
18 3 1 -18 -93 -1175 -231 258 10
18 4 1 35 -33 13 49 51 -3
18 5 1 18 -13 24 17 22 -2
18 6 1 7 -2 16 0 6 -2
18 7 1 2 0 5 -4 -1 -2
18 8 1 7 -2 16 0 6 -2
18 9 1 -14 6 7 -12 -25 -2
18 10 1 7 -2 16 0 6 -2
18 11 1 2 0 5 -4 -1 -2
18 12 1 -14 6 7 -12 -25 -2
18 13 1 -14 6 7 -12 -25 -2
18 14 1 2 0 5 -4 -1 -2
18 15 1 -14 6 7 -12 -25 -2
19 1 3 -3 -5 -14 24 35 -4
19 2 3 -7 -2 -26 22 41 -3
19 3 3 -7 -1 -46 22 44 -2
19 4 3 -9 1 -48 19 52 0
19 5 3 -6 2 -31 17 56 3
19 6 3 -4 1 -36 20 61 3
19 7 3 -6 0 -63 30 65 1
19 8 3 -50 -31 -371 -12 -50 -44
19 9 3 -27 -28 -359 -2 5 -45
19 10 3 -31 -31 -526 27 81 -89
19 11 3 -69 -52 -1008 27 182 -192
19 12 3 -100 -35 -1421 -23 272 -220
19 13 3 -162 -6 -1831 -115 285 -197
19 14 3 -240 -4 -2233 -153 274 -248
19 15 3 -80 13 -564 -48 63 -21
20 1 1 16 -39 -170 -20 -116 17
20 2 1 17 -32 -165 -32 -101 15
20 3 1 23 -29 -156 -45 -91 11
20 4 1 24 -34 -169 -38 -93 10
20 5 1 24 -36 -164 -36 -96 12
20 6 1 29 -37 -177 -39 -86 10
20 7 1 28 -42 -224 -41 -74 8
20 8 1 87 -117 -2112 154 81 -150
20 9 1 -28 12 151 -49 18 27
20 10 1 18 2 6 26 45 -6
20 11 1 36 16 -61 -33 52 -5
20 12 1 -35 24 -54 -22 -12 5
20 13 1 -6 15 -130 95 12 -7
20 14 1 -4 12 -135 115 31 -10
20 15 1 -10 18 -163 108 22 -11
21 1 3 16 -2 -39 -18 -15 -15
21 2 3 38 -18 -209 -45 -56 -10
21 3 3 49 -19 -233 -23 -21 -9
21 4 3 54 -22 -261 -16 -25 -6
21 5 3 51 -19 -250 -22 -21 -7
21 6 3 45 -25 -256 -8 -55 0
21 7 3 43 -46 -302 35 -76 6
21 8 3 227 -141 -1619 -130 -492 18
21 9 3 205 -147 -1627 -68 -487 19
21 10 3 204 -154 -1738 -76 -498 35
21 11 3 241 -175 -2043 -110 -576 47
21 12 3 217 -155 -2088 -100 -568 51
21 13 3 182 -141 -2080 -42 -508 51
21 14 3 211 -165 -2305 -43 -567 30
21 15 3 58 17 8 -26 79 -6
22 1 3 -25 -13 -199 18 -34 -10
22 2 3 -28 -20 -210 37 -59 -1
22 3 3 -45 -24 -559 122 -98 -25
22 4 3 -43 -52 -1337 237 -95 -88
22 5 3 -49 -98 -2176 282 -126 -128
22 6 3 -56 -154 -3051 307 -182 -162
22 7 3 -119 -173 -3557 273 -358 -91
22 8 3 -14 6 2 -14 -25 2
22 9 3 -16 7 5 -14 -28 2
22 10 3 -21 7 14 -17 -35 2
22 11 3 -13 2 9 -7 -23 2
22 12 3 -7 -2 9 -2 -14 2
22 13 3 -21 7 14 -17 -35 2
22 14 3 -13 2 9 -7 -23 2
22 15 3 -7 -2 9 -2 -14 2
23 1 3 353 -169 -3617 324 -265 47
23 2 3 337 -170 -3261 300 -243 54
23 3 3 218 -22 -17 38 476 3
23 4 3 111 -43 -5 53 201 8
23 5 3 60 -26 90 34 75 2
23 6 3 111 -43 -5 53 201 8
23 7 3 60 -26 90 34 75 2
23 8 3 -9 1 3 -5 -18 2
23 9 3 -9 1 3 -5 -18 2
23 10 3 -5 1 6 -3 -13 2
23 11 3 -4 2 9 -4 -8 3
23 12 3 2 1 8 -4 1 2
23 13 3 2 -1 11 -1 0 2
23 14 3 5 -2 14 -1 3 2
23 15 3 9 -4 8 4 11 2
24 1 3 3 -9 -32 -12 -24 4
24 2 3 8 -18 -150 -4 13 -2
24 3 3 1 -25 -169 -7 -21 5
24 4 3 1 16 -4 -28 -3 3
24 5 3 -9 7 -1 -13 -17 2
24 6 3 -15 2 4 -5 -25 1
24 7 3 -11 -6 2 6 -21 2
24 8 3 -19 -1 12 -1 -32 1
24 9 3 -18 5 12 -11 -30 2
24 10 3 -7 6 3 -12 -13 2
24 11 3 1 -4 -5 4 3 2
24 12 3 1 -3 -4 2 3 2
24 13 3 1 -3 -6 2 5 2
24 14 3 1 -3 -6 4 2 1
24 15 3 1 -4 -6 5 2 1
25 1 3 112 115 -1744 476 -13 149
25 2 3 105 197 -2387 605 -171 135
25 3 3 97 276 -2781 620 -238 144
25 4 3 119 354 -3089 567 -232 161
25 5 3 142 438 -3235 536 -250 201
25 6 3 -47 -59 -844 747 85 244
25 7 3 -119 -37 126 129 -170 -6
25 8 3 3 -12 -207 7 37 5
25 9 3 -119 -37 126 129 -170 -6
25 10 3 3 -12 -207 7 37 5
25 11 3 23 7 -75 -6 -13 -1
25 12 3 23 7 -75 -6 -13 -1
25 13 3 -119 -37 126 129 -170 -6
25 14 3 23 7 -75 -6 -13 -1
25 15 3 23 7 -75 -6 -13 -1
26 1 1 2 2 26 2 1 -1
26 2 1 -1 3 1 -7 9 2
26 3 1 -1 2 -3 1 9 0
26 4 1 1 4 -5 -2 10 1
26 5 1 1 4 -3 -2 10 -3
26 6 1 -6 16 -29 -16 20 12
26 7 1 -7 12 -17 -13 21 8
26 8 1 -20 16 -51 -2 24 5
26 9 1 -13 16 -45 -1 42 12
26 10 1 -9 17 -53 -4 49 12
26 11 1 -9 19 -54 -11 51 12
26 12 1 -8 22 -52 -16 55 26
26 13 1 0 0 -9 -14 -11 -4
26 14 1 0 -1 -3 -9 -11 -1
26 15 1 1 4 3 -18 -15 -2
27 1 3 0 0 19 2 -5 2
27 2 3 1 -2 14 5 -1 2
27 3 3 1 1 3 1 -1 2
27 4 3 -6 -1 -15 0 -7 0
27 5 3 -7 -2 4 6 -8 1
27 6 3 -8 -1 -7 8 -12 -1
27 7 3 -9 -3 -17 6 -14 -1
27 8 3 -10 -2 -5 5 -14 -1
27 9 3 -9 -2 -16 9 -19 -1
27 10 3 -8 -3 -9 7 -7 0
27 11 3 -2 -6 -133 -40 -8 -18
27 12 3 -5 -6 -134 -54 -10 -23
27 13 3 -9 0 -201 -70 -6 -25
27 14 3 -16 -5 -270 -97 -3 -26
27 15 3 -33 -13 -526 -114 39 -47
28 1 3 -8 5 -8 -11 -13 2
28 2 3 -6 2 -6 -6 -9 2
28 3 3 -6 2 1 -6 -9 1
28 4 3 -2 -2 -21 -7 -1 2
28 5 3 -1 -2 2 -4 1 1
28 6 3 -2 0 -6 -8 -1 2
28 7 3 -1 -2 -7 -2 2 2
28 8 3 0 -1 -2 -3 5 1
28 9 3 -1 -2 2 -6 2 1
28 10 3 1 -1 -24 -5 4 2
28 11 3 206 -344 -2325 -287 -499 51
28 12 3 205 -345 -2323 -287 -501 52
28 13 3 205 -344 -2319 -284 -498 52
28 14 3 205 -343 -2316 -285 -499 51
28 15 3 205 -343 -2315 -284 -499 51
29 1 1 -2 0 -7 0 -6 2
29 2 1 -1 0 -3 0 -3 3
29 3 1 -1 2 15 1 -6 2
29 4 1 -1 1 11 0 -3 2
29 5 1 -1 -1 -7 5 7 1
29 6 1 -1 -1 -12 -2 6 2
29 7 1 -1 0 -6 -5 6 2
29 8 1 -2 1 -3 -5 0 3
29 9 1 -2 0 0 -1 1 1
29 10 1 0 1 1 -4 4 2
29 11 1 0 -1 -2 -3 5 2
29 12 1 -2 -11 -73 -4 54 -9
29 13 1 -1 -4 -13 8 -4 1
29 14 1 -1 -2 -11 4 -4 1
29 15 1 -4 -6 -11 14 -8 1
30 1 3 -6 -7 -10 14 -15 1
30 2 3 -5 -4 -3 8 -12 1
30 3 3 -4 -3 11 5 -12 1
30 4 3 -2 -10 -32 14 -11 2
30 5 3 0 -7 -25 9 -6 0
30 6 3 -5 -15 -72 25 -20 -5
30 7 3 0 -10 -53 11 1 -1
30 8 3 -2 -7 -35 12 -12 -1
30 9 3 2 -7 -43 13 2 -4
30 10 3 2 -6 -17 9 -5 -1
30 11 3 -429 -348 -2652 118 -35 -106
30 12 3 -424 -328 -2761 19 52 -21
30 13 3 -489 -342 -2943 -30 76 -22
30 14 3 -480 -319 -2992 -132 170 5
30 15 3 -497 -297 -2955 -199 169 20
31 1 1 -2 -1 -9 -1 3 1
31 2 1 -1 0 -11 -3 4 3
31 3 1 4 -1 -3 0 18 1
31 4 1 2 1 -6 -8 10 2
31 5 1 -2 4 -9 -5 -1 1
31 6 1 -18 -7 -55 -5 6 2
31 7 1 -18 -6 -55 -6 4 4
31 8 1 -19 -4 -61 -14 2 4
31 9 1 -20 -18 -313 -20 11 -1
31 10 1 -36 -35 -701 -53 133 -9
31 11 1 -86 -45 -931 -94 100 -15
31 12 1 10 -9 36 19 9 -5
31 13 1 3 0 -9 -2 2 1
31 14 1 4 1 -24 -4 4 0
31 15 1 3 2 -3 -3 1 1
32 1 1 0 1 -16 3 1 4
32 2 1 -2 2 18 1 -3 2
32 3 1 -1 -1 -2 3 -1 2
32 4 1 -2 2 12 0 -3 3
32 5 1 -1 0 3 1 -3 1
32 6 1 -1 0 -4 3 -4 2
32 7 1 -2 2 10 1 -1 1
32 8 1 2 -2 8 5 6 2
32 9 1 0 0 5 -2 1 2
32 10 1 1 0 5 3 0 2
32 11 1 1 0 3 2 0 3
32 12 1 17 11 -125 -6 -25 -1
32 13 1 33 5 -141 2 2 1
32 14 1 16 -6 -58 17 -5 4
32 15 1 18 1 -65 3 -9 4
33 1 3 0 -2 -2 3 2 2
33 2 3 3 1 -7 -7 6 2
33 3 3 3 1 -2 -5 4 0
33 4 3 4 1 6 -4 6 2
33 5 3 14 7 -45 -13 -16 -4
33 6 3 12 5 -42 -8 -13 -3
33 7 3 13 8 -63 -13 -9 -1
33 8 3 6 9 -58 -18 -22 -4
33 9 3 0 0 -149 12 -12 6
33 10 3 7 3 -160 10 4 4
33 11 3 6 1 -159 9 4 2
33 12 3 34 2 -488 107 -27 21
33 13 3 88 4 -1120 283 -89 47
33 14 3 156 3 -1995 531 -174 67
33 15 3 191 88 -2460 462 -244 71
34 1 3 5 1 -10 -5 2 0
34 2 3 16 4 -44 -2 -2 -1
34 3 3 14 4 -54 -5 -7 1
34 4 3 12 5 -53 -6 -6 2
34 5 3 11 5 -39 -4 -7 1
34 6 3 10 2 -41 -1 -11 2
34 7 3 10 4 -30 -1 -11 1
34 8 3 10 2 -47 3 -11 2
34 9 3 8 13 -178 -17 10 2
34 10 3 38 26 -349 21 39 11
34 11 3 129 49 -969 155 103 38
34 12 3 212 65 -1654 306 118 62
34 13 3 260 107 -2306 377 40 45
34 14 3 273 199 -2718 258 -54 46
34 15 3 317 242 -2950 231 -25 16
35 1 1 1 1 -14 4 -3 3
35 2 1 1 1 -4 6 -1 3
35 3 1 0 1 -1 7 0 8
35 4 1 0 1 -11 6 -2 4
35 5 1 1 2 -2 1 -2 2
35 6 1 1 -1 -4 8 2 4
35 7 1 -1 -1 -6 6 -3 4
35 8 1 9 3 -28 -1 -16 -2
35 9 1 10 5 -45 0 -13 1
35 10 1 10 4 -31 -1 -12 1
35 11 1 10 3 -38 3 -11 1
35 12 1 8 5 -27 -1 -16 2
35 13 1 10 1 -31 8 -7 6
35 14 1 9 3 -16 0 -6 0
35 15 1 -1 1 -3 -1 0 2
36 1 1 8 5 -24 1 -1 3
36 2 1 9 1 -12 5 4 3
36 3 1 6 -9 -17 13 19 -2
36 4 1 4 -5 -6 2 17 1
36 5 1 -5 -2 2 -5 -3 1
36 6 1 4 -5 -6 2 17 1
36 7 1 0 -3 0 -2 4 2
36 8 1 -1 3 -10 -14 6 1
36 9 1 7 5 -21 -18 14 2
36 10 1 7 1 -17 -8 16 1
36 11 1 7 -16 -138 29 23 -3
36 12 1 6 -15 -131 28 21 -4
36 13 1 6 -15 -128 29 18 -2
36 14 1 6 -16 -133 32 19 0
36 15 1 6 -16 -133 32 19 0
37 1 1 -1 -1 -1 -1 5 3
37 2 1 -4 -1 0 1 0 3
37 3 1 -1 0 1 -1 2 1
37 4 1 1 0 -3 2 5 4
37 5 1 -2 1 -4 1 -3 4
37 6 1 -1 -2 -9 3 -1 3
37 7 1 4 1 -45 10 -21 7
37 8 1 4 -2 -38 14 -26 4
37 9 1 0 -5 -49 21 -34 8
37 10 1 -1 -7 -42 23 -32 7
37 11 1 1 -6 -21 21 -31 7
37 12 1 10 -2 -27 11 -4 5
37 13 1 7 1 -40 5 -14 5
37 14 1 9 -1 -35 10 -7 7
37 15 1 12 0 -34 6 0 6
38 1 3 -4 0 -2 0 -3 1
38 2 3 -2 -1 0 0 1 3
38 3 3 -2 -1 -3 0 4 2
38 4 3 -10 -2 -33 -7 17 4
38 5 3 -12 1 -35 -8 14 4
38 6 3 -12 -1 -39 -9 8 5
38 7 3 -12 0 -42 -10 12 5
38 8 3 -15 0 -26 -12 7 5
38 9 3 -12 -4 -20 -4 11 5
38 10 3 -13 -1 -30 -10 12 6
38 11 3 -203 -57 -771 138 -188 -9
38 12 3 -241 -72 -996 174 -171 -20
38 13 3 -254 -76 -1358 170 -44 -20
38 14 3 -253 -69 -1582 136 48 -27
38 15 3 -261 -65 -1615 106 58 -36
39 1 1 1 -1 -2 5 1 3
39 2 1 -2 2 14 0 -3 3
39 3 1 -3 -1 -10 3 2 2
39 4 1 -3 -2 -6 4 7 1
39 5 1 -4 0 -16 0 0 2
39 6 1 -4 -1 -18 1 3 1
39 7 1 -4 1 4 -3 2 4
39 8 1 -2 0 -12 -2 4 4
39 9 1 -3 2 2 -4 2 3
39 10 1 -1 0 -11 -1 8 3
39 11 1 -2 -1 -7 -1 6 3
39 12 1 -10 -4 -37 -1 13 1
39 13 1 -11 -4 -31 0 10 0
39 14 1 -11 -2 -28 -5 12 0
39 15 1 -11 -6 -38 0 14 1
40 1 1 -2 1 27 3 -3 -2
40 2 1 -2 1 27 3 -3 -2
40 3 1 -1 0 19 5 -1 -2
40 4 1 -1 0 20 5 -1 -3
40 5 1 -1 -1 15 5 1 -3
40 6 1 -2 2 27 4 -3 -3
40 7 1 -1 0 19 6 0 -2
40 8 1 -1 1 18 0 -2 -3
40 9 1 0 6 -2 -2 -2 -3
40 10 1 5 0 -2 7 6 -3
40 11 1 1 -2 4 9 3 -3
40 12 1 -2 1 -1 7 1 -3
40 13 1 -5 4 9 0 -6 -3
40 14 1 -3 4 -3 1 -3 -3
40 15 1 -2 3 4 1 -1 -4
41 1 1 -12 17 3 -19 -10 -4
41 2 1 -12 12 11 -13 -16 -4
41 3 1 -8 3 6 2 -11 -4
41 4 1 -4 3 1 0 -6 -3
41 5 1 -6 6 9 -2 -5 -5
41 6 1 -7 3 3 -2 -10 -3
41 7 1 -5 -3 5 10 -7 -3
41 8 1 1 0 -1 4 2 -3
41 9 1 2 1 6 2 4 -4
41 10 1 -1 2 10 1 1 -4
41 11 1 -1 2 16 1 1 -4
41 12 1 2 -1 4 5 3 -3
41 13 1 0 1 3 1 1 -3
41 14 1 1 2 9 0 3 -4
41 15 1 1 2 9 0 3 -4
42 1 1 -41 21 -5 -23 -59 -4
42 2 1 -32 21 -6 -25 -45 -4
42 3 1 -21 12 -6 -14 -31 -4
42 4 1 -3 -1 2 8 -4 -4
42 5 1 0 -1 13 8 1 -3
42 6 1 6 -2 14 6 9 -4
42 7 1 15 -5 3 15 22 -3
42 8 1 -1 1 5 3 1 -4
42 9 1 -1 1 6 4 0 -3
42 10 1 -2 2 5 1 -2 -3
42 11 1 -1 1 2 1 0 -3
42 12 1 -3 4 13 -2 0 -3
42 13 1 -4 4 3 0 -1 -3
42 14 1 -4 3 2 2 -3 -3
42 15 1 -2 3 5 0 -2 -3
