1 1 5 -2 -1 81 0 -5 0
1 2 5 -2 -1 79 0 -4 0
1 3 5 -2 -1 79 0 -4 0
1 4 5 -2 -1 80 0 -4 0
1 5 5 -3 -1 79 1 -5 1
1 6 5 -2 -1 81 0 -5 0
1 7 5 -2 -1 80 0 -4 0
1 8 5 -2 -1 79 0 -4 0
1 9 5 -2 -1 79 0 -4 0
1 10 5 -2 -1 79 0 -4 0
1 11 5 -2 -1 80 1 -4 0
1 12 5 -1 -1 80 0 -4 1
1 13 5 -2 -1 78 0 -5 0
1 14 5 -3 -1 80 1 -4 1
1 15 5 -2 -1 79 0 -4 0
2 1 5 -2 -6 85 14 -5 2
2 2 5 0 2 74 -7 1 0
2 3 5 -4 -5 76 7 -11 4
2 4 5 -2 -2 78 1 -6 1
2 5 5 -4 4 76 -18 -13 -10
2 6 5 -2 4 74 -10 -9 -4
2 7 5 1 -9 87 13 -2 -10
2 8 5 -8 3 69 -13 -20 -5
2 9 5 -1 0 83 -2 -6 -8
2 10 5 -3 -6 83 6 -14 -5
2 11 5 -3 8 73 -19 -11 -3
2 12 5 -6 -1 80 -1 -20 6
2 13 5 0 -9 87 13 -5 2
2 14 5 -5 5 67 -17 -16 7
2 15 5 -6 -10 86 16 -14 -1
3 1 5 0 2 74 -12 -9 -5
3 2 5 -2 4 74 -16 -15 -3
3 3 5 2 -9 85 11 -4 -6
3 4 5 1 -3 77 -5 -11 -10
3 5 5 1 -1 71 -7 -2 -3
3 6 5 -5 -6 83 2 -21 -5
3 7 5 -1 -6 77 -2 -17 -11
3 8 5 -6 -2 77 -10 -25 -10
3 9 5 -5 -10 90 7 -21 -9
3 10 5 -1 5 75 -23 -16 -6
3 11 5 -3 5 73 -19 -19 -6
3 12 5 -4 -11 89 11 -14 -4
3 13 5 -2 5 72 -18 -11 -9
3 14 5 3 -3 74 -1 -7 -1
3 15 5 -7 -13 88 12 -30 -3
4 1 5 -2 3 70 -15 -18 -5
4 2 5 -1 3 78 -16 -17 -4
4 3 5 -1 -7 83 4 -14 -10
4 4 5 0 -2 70 -12 -12 -7
4 5 5 -4 -2 75 -6 -15 -5
4 6 5 -7 -13 85 9 -26 -4
4 7 5 0 1 75 -14 -9 -5
4 8 5 3 -4 80 -2 -10 -10
4 9 5 -3 -2 83 -10 -25 -5
4 10 5 1 -5 81 0 -12 -8
4 11 5 -6 0 77 -13 -31 -7
4 12 5 -6 -9 83 3 -26 -5
4 13 5 -6 0 77 -21 -27 -10
4 14 5 -5 -9 84 5 -22 -10
4 15 5 1 -3 79 -5 -16 -6
5 1 5 -5 4 78 -28 -28 -9
5 2 5 -4 -8 79 -5 -24 -14
5 3 5 -1 -9 78 0 -17 -14
5 4 5 -1 -1 78 -17 -21 -9
5 5 5 1 -5 80 -12 -18 -7
5 6 5 -3 3 78 -31 -23 -13
5 7 5 0 -8 78 0 -16 -16
5 8 5 -7 3 81 -29 -32 -12
5 9 5 -7 1 79 -21 -29 -11
5 10 5 -6 -1 79 -21 -29 -16
5 11 5 -3 -11 77 0 -21 -1
5 12 5 -1 -1 77 -19 -20 -8
5 13 5 -1 4 77 -24 -20 -7
5 14 5 0 -5 77 -6 -20 -10
5 15 5 -2 -8 79 4 -21 -10
6 1 5 -3 1 84 -26 -22 -11
6 2 5 -1 -2 76 -21 -20 -17
6 3 5 -4 -2 78 -20 -27 -12
6 4 5 -5 -5 83 -11 -28 -11
6 5 5 0 -1 77 -22 -21 -18
6 6 5 -1 2 82 -31 -18 -11
6 7 5 -5 -6 80 -9 -29 -14
6 8 5 -4 -13 76 6 -26 -11
6 9 5 -9 -2 85 -17 -33 -13
6 10 5 -5 2 83 -27 -25 -10
6 11 5 -6 -5 78 -15 -27 -11
6 12 5 -8 -2 81 -20 -33 -10
6 13 5 -1 -1 84 -20 -18 -5
6 14 5 -3 -10 73 -7 -19 -8
6 15 5 -3 1 82 -24 -24 -1
7 1 5 0 -4 80 -22 -22 -18
7 2 5 0 -9 82 -9 -22 -8
7 3 5 -2 0 82 -25 -22 -6
7 4 5 -3 -2 80 -26 -23 -8
7 5 5 -4 -6 74 -14 -25 -11
7 6 5 -9 -1 87 -23 -31 -6
7 7 5 -8 -1 84 -15 -28 -6
7 8 5 0 -4 69 -17 -18 -1
7 9 5 18 47 80 -85 8 -10
7 10 5 -5 -2 82 -17 -32 -11
7 11 5 -4 -16 76 -1 -22 -8
7 12 5 2 1 81 -25 -13 -8
7 13 5 -4 -2 83 -22 -23 -8
7 14 5 -1 -6 76 -14 -22 -9
7 15 5 -3 -1 83 -26 -24 -9
8 1 5 -5 6 67 -15 -16 -7
8 2 5 -3 -3 87 7 -11 -6
8 3 5 -1 -2 83 2 -7 -5
8 4 5 -4 6 71 -18 -14 4
8 5 5 0 -5 85 6 -4 4
8 6 5 -7 -3 81 2 -16 -3
8 7 5 -4 4 73 -12 -13 -10
8 8 5 -1 -7 86 10 -8 1
8 9 5 -3 1 73 -6 -11 -3
8 10 5 -2 -5 81 3 -6 0
8 11 5 -1 -7 85 8 -6 -6
8 12 5 -8 8 70 -23 -19 -6
8 13 5 -3 0 78 -6 -11 -3
8 14 5 -1 -7 80 8 -11 -4
8 15 5 -6 3 73 -11 -18 2
9 1 5 -2 -3 82 -15 -21 -6
9 2 5 -4 4 77 -28 -24 -14
9 3 5 -4 -9 78 6 -20 -8
9 4 5 -5 -2 79 -12 -26 -11
9 5 5 -6 -5 78 -12 -27 -12
9 6 5 -6 0 81 -24 -29 -5
9 7 5 -2 2 78 -33 -22 -9
9 8 5 2 -4 82 -11 -14 -11
9 9 5 -1 -1 81 -22 -21 -12
9 10 5 -1 -7 76 -9 -20 -12
9 11 5 -5 3 78 -32 -25 -16
9 12 5 -7 0 77 -19 -26 -4
9 13 5 -5 -11 80 1 -27 -16
9 14 5 -3 -2 81 -19 -25 -10
9 15 5 -1 -8 80 -1 -17 2
10 1 5 -1 -11 76 5 -20 -13
10 2 5 -1 1 82 -24 -23 -18
10 3 5 -2 -1 78 -17 -23 -9
10 4 5 -7 0 80 -22 -25 -9
10 5 5 -8 7 78 -41 -27 -9
10 6 5 -5 0 77 -21 -25 -11
10 7 5 -2 -5 78 -12 -22 -10
10 8 5 -1 0 81 -25 -21 -6
10 9 5 0 -10 78 -3 -17 -8
10 10 5 0 9 78 -43 -15 -13
10 11 5 -4 1 82 -21 -26 -14
10 12 5 -6 -8 81 -7 -26 -9
10 13 5 -4 0 77 -21 -22 -10
10 14 5 -5 -1 81 -17 -27 -12
10 15 5 -5 -6 81 -6 -27 -9
11 1 4 90 11 361 -423 756 -122
11 2 4 49 26 99 23 21 52
11 3 4 15 14 83 -46 18 -6
11 4 4 26 12 98 -19 34 -3
11 5 4 18 18 78 -39 15 -9
11 6 4 3 -2 85 -9 -8 -13
11 7 4 -6 -8 84 6 -21 -10
11 8 4 -6 -3 76 -7 -20 -3
11 9 4 -12 -8 79 3 -32 -7
11 10 4 -7 -9 81 0 -23 -8
11 11 4 1 -2 76 -2 -1 -5
11 12 4 1 0 79 -9 -14 -4
11 13 4 -4 -1 86 -13 -25 -5
11 14 4 3 -3 80 -3 -4 -2
11 15 4 -6 4 83 -24 -27 -9
12 1 4 -20 20 77 -14 0 -22
12 2 4 21 -24 67 34 25 -11
12 3 4 20 -26 89 28 11 -12
12 4 4 17 -2 87 -19 11 -12
12 5 4 17 7 88 -27 11 -13
12 6 4 4 -2 87 -23 -9 -13
12 7 4 -10 -13 84 3 -32 -7
12 8 4 -15 -3 83 -12 -41 -13
12 9 4 -10 4 78 -30 -31 -8
12 10 4 -8 -8 81 -11 -30 -9
12 11 4 -7 -4 80 -15 -25 -7
12 12 4 -4 -6 84 -15 -23 -6
12 13 4 2 -3 80 -22 -12 -5
12 14 4 -5 -1 81 -22 -23 -5
12 15 4 -4 -1 81 -17 -22 -6
13 1 4 15 -48 52 112 9 6
13 2 4 17 -39 77 57 22 -18
13 3 4 17 -14 84 9 9 -5
13 4 4 8 6 87 -22 -1 -5
13 5 4 1 6 86 -33 -17 -10
13 6 4 -5 -2 85 -18 -26 -9
13 7 4 -11 -1 82 -20 -33 -13
13 8 4 -10 -1 82 -20 -34 -15
13 9 4 -9 0 80 -19 -31 -17
13 10 4 -7 -3 80 -15 -28 -13
13 11 4 -3 -8 81 -4 -21 -12
13 12 4 0 -10 83 -1 -16 -8
13 13 4 -2 -2 82 -23 -22 -12
13 14 4 -2 -3 82 -22 -21 -15
13 15 4 -3 0 82 -25 -21 -11
14 1 4 1 18 82 -51 -14 -14
14 2 4 9 -20 87 11 14 24
14 3 4 -7 5 81 -19 -16 -7
14 4 4 -9 6 82 -24 -27 -19
14 5 4 -11 -2 80 -16 -39 -15
14 6 4 -15 -17 81 13 -38 -4
14 7 4 -8 6 78 -32 -27 -11
14 8 4 1 -8 77 -1 -15 -8
14 9 4 -1 13 84 -55 -19 -12
14 10 4 -1 -18 83 17 -17 -12
14 11 4 -2 1 81 -24 -21 -4
14 12 4 -6 -5 82 -12 -24 -14
14 13 4 -6 -2 81 -22 -26 -12
14 14 4 -4 -7 81 -8 -22 -10
14 15 4 -2 -4 81 -12 -21 -11
15 1 3 46 29 59 -98 125 -16
15 2 3 19 18 96 -42 10 -6
15 3 3 27 23 93 -42 31 -9
15 4 3 -10 -9 84 -1 -29 -12
15 5 3 7 1 93 -8 -3 -7
15 6 3 -16 -17 84 14 -35 -13
15 7 3 -16 -13 86 8 -39 -8
15 8 3 -5 5 71 -25 -21 -9
15 9 3 -4 -7 87 0 -18 -1
15 10 3 1 4 81 -19 -11 -6
15 11 3 -5 -6 89 -3 -24 -9
15 12 3 -10 -5 82 -2 -22 -8
15 13 3 -4 -7 84 -2 -16 -8
15 14 3 -3 -3 80 -7 -13 -1
15 15 3 0 -15 86 13 -11 -1
16 1 3 -107 -21 143 137 -180 -37
16 2 3 -28 -4 69 -12 -47 -9
16 3 3 7 4 75 -19 -1 -9
16 4 3 -2 -3 95 -14 -18 -7
16 5 3 13 1 88 -17 8 -14
16 6 3 23 8 86 -34 21 -5
16 7 3 8 -13 89 10 1 -6
16 8 3 -8 -9 89 1 -22 -10
16 9 3 -7 0 84 -18 -23 -20
16 10 3 -14 2 87 -21 -39 -16
16 11 3 -14 -5 83 -10 -37 -11
16 12 3 -9 -4 86 -17 -32 -10
16 13 3 -2 0 84 -17 -18 -13
16 14 3 1 -4 84 -12 -15 -14
16 15 3 -3 1 95 -20 -32 -8
17 1 3 -4 -8 88 16 -4 -10
17 2 3 -23 -11 68 -39 -74 -49
17 3 3 -35 -12 74 14 -19 -5
17 4 3 -12 -5 75 10 -12 0
17 5 3 -5 4 80 -4 -4 6
17 6 3 4 12 81 -26 7 -5
17 7 3 14 -6 93 12 30 0
17 8 3 9 -1 82 -3 21 1
17 9 3 5 -1 86 0 15 -10
17 10 3 0 -9 87 17 4 -2
17 11 3 -2 1 82 -5 -3 -3
17 12 3 6 -5 81 9 16 -4
17 13 3 -3 -3 90 0 -5 -5
17 14 3 1 5 79 -8 7 1
17 15 3 1 0 84 -3 7 4
18 1 3 12 8 94 -9 35 -1
18 2 3 16 16 70 -18 53 16
18 3 3 7 34 95 -59 27 2
18 4 3 14 14 107 -19 35 7
18 5 3 6 16 87 -29 14 3
18 6 3 4 -3 86 9 16 2
18 7 3 -2 -16 88 27 -4 5
18 8 3 -121 143 57 -237 -126 -119
18 9 3 -13 -4 69 23 -39 20
18 10 3 44 -61 52 88 57 -7
18 11 3 15 -5 61 10 25 1
18 12 3 -17 19 64 -24 -21 -2
18 13 3 -4 -10 74 23 -4 -5
18 14 3 9 -4 62 9 13 -1
18 15 3 -5 3 70 0 -7 2
19 1 3 -130 -15 62 18 -286 52
19 2 3 -77 4 52 -13 -111 -7
19 3 3 -45 12 59 -36 -74 -6
19 4 3 -29 2 68 -11 -47 -6
19 5 3 -15 2 81 -16 -31 -11
19 6 3 11 -9 82 3 9 -6
19 7 3 29 -14 81 12 41 2
19 8 3 16 -6 87 5 30 10
19 9 3 14 5 90 -25 22 -7
19 10 3 18 -8 79 3 33 -1
19 11 3 3 -3 85 -9 1 -2
19 12 3 -4 4 85 -15 -8 -2
19 13 3 -1 3 80 -13 -2 0
19 14 3 -8 2 87 -7 -16 0
19 15 3 -10 1 80 -7 -24 -4
20 1 5 -2 2 20 5 -6 -1
20 2 5 -2 1 20 5 -6 0
20 3 5 -2 1 23 5 -6 0
20 4 5 -2 2 20 5 -6 -1
20 5 5 -3 1 22 5 -6 -1
20 6 5 -2 2 20 5 -6 -1
20 7 5 -2 2 20 5 -6 -1
20 8 5 -3 3 20 5 -6 -1
20 9 5 -2 1 13 7 -3 -1
20 10 5 -3 1 4 3 -7 0
20 11 5 -1 0 13 4 -5 -1
20 12 5 -4 3 15 2 -11 -1
20 13 5 -1 2 29 7 -6 -1
20 14 5 1 -1 23 9 2 0
20 15 5 -2 2 29 3 -6 0
21 1 5 -3 2 22 5 -8 0
21 2 5 -2 2 19 5 -7 0
21 3 5 -3 2 23 5 -7 0
21 4 5 -2 2 22 5 -6 -1
21 5 5 -2 2 20 5 -6 -1
21 6 5 -2 2 23 5 -7 -1
21 7 5 -2 2 20 5 -7 -1
21 8 5 -2 2 22 4 -7 -1
21 9 5 0 1 23 8 -4 0
21 10 5 3 0 28 6 1 -1
21 11 5 0 2 18 7 -5 -1
21 12 5 -2 3 20 2 -7 0
21 13 5 -4 3 22 4 -11 -1
21 14 5 -2 2 6 5 -8 -1
21 15 5 -3 3 24 4 -8 -1
22 1 5 -2 2 20 5 -6 -1
22 2 5 -2 2 19 5 -7 0
22 3 5 -2 2 20 5 -6 -1
22 4 5 -2 2 20 5 -6 -1
22 5 5 -2 2 22 4 -7 -1
22 6 5 -2 2 22 4 -7 -1
22 7 5 -2 2 22 5 -6 -1
22 8 5 -2 2 22 5 -5 -1
22 9 5 -2 2 24 2 -6 0
22 10 5 0 0 22 4 -3 -1
22 11 5 -2 1 31 2 -6 -1
22 12 5 -3 2 23 4 -8 -2
22 13 5 -2 1 29 7 -5 -2
22 14 5 -2 2 41 4 -5 -2
22 15 5 -3 1 3 5 -6 0
23 1 5 -2 2 20 5 -6 -1
23 2 5 -3 1 18 4 -6 0
23 3 5 -2 2 20 5 -6 -1
23 4 5 -2 2 20 5 -6 -1
23 5 5 -2 1 20 5 -6 0
23 6 5 -3 1 20 5 -6 -1
23 7 5 -2 2 20 3 -6 -1
23 8 5 -2 2 20 5 -6 -1
23 9 5 -3 1 9 7 -8 0
23 10 5 -4 2 11 3 -7 -1
23 11 5 -6 3 23 -2 -11 0
23 12 5 -3 0 18 7 -10 0
23 13 5 -4 0 17 4 -9 -1
23 14 5 -4 0 32 4 -10 -1
23 15 5 -2 1 30 5 -5 -1
24 1 5 -2 1 19 4 -6 0
24 2 5 -2 1 19 4 -6 0
24 3 5 -2 2 20 4 -5 -1
24 4 5 -2 2 20 4 -5 -1
24 5 5 -2 1 20 3 -6 0
24 6 5 -2 1 21 4 -5 0
24 7 5 -2 1 19 4 -6 0
24 8 5 -2 2 19 4 -6 -1
24 9 5 -4 3 19 0 -10 0
24 10 5 -2 1 6 3 -6 0
24 11 5 -2 1 18 5 -4 -1
24 12 5 -2 0 20 4 -3 -2
24 13 5 -3 3 32 2 -6 -1
24 14 5 -2 1 14 3 -4 0
24 15 5 0 0 23 6 -3 -1
25 1 5 -1 2 4 -1 -7 0
25 2 5 -1 1 6 5 -6 0
25 3 5 2 0 17 3 -4 0
25 4 5 2 0 28 3 -3 -1
25 5 5 2 1 24 1 -4 0
25 6 5 0 1 17 3 -4 1
25 7 5 -1 2 18 -2 -6 0
25 8 5 0 0 16 1 -6 -1
25 9 5 -1 2 11 -1 -8 0
25 10 5 0 0 18 1 -5 -1
25 11 5 0 0 11 2 -8 0
25 12 5 -1 0 -1 3 -4 0
25 13 5 1 0 25 0 -3 -2
25 14 5 0 0 22 2 -6 0
25 15 5 1 0 17 2 -4 0
26 1 5 0 1 17 3 -4 1
26 2 5 -1 2 18 -2 -6 0
26 3 5 0 0 16 1 -6 -1
26 4 5 -1 2 11 -1 -8 0
26 5 5 0 0 18 1 -5 -1
26 6 5 0 0 11 2 -8 0
26 7 5 -1 0 -1 3 -4 0
26 8 5 1 0 25 0 -3 -2
26 9 5 0 0 22 2 -6 0
26 10 5 1 0 17 2 -4 0
26 11 5 2 0 27 3 -2 -1
26 12 5 2 0 15 0 -4 -1
26 13 5 0 0 19 -1 -3 -1
26 14 5 0 0 11 2 -4 0
26 15 5 0 0 6 0 -7 0
27 1 5 0 0 16 1 -6 -1
27 2 5 -1 2 11 -1 -8 0
27 3 5 0 0 18 1 -5 -1
27 4 5 0 0 11 2 -8 0
27 5 5 -1 0 -1 3 -4 0
27 6 5 1 0 25 0 -3 -2
27 7 5 0 0 22 2 -6 0
27 8 5 1 0 17 2 -4 0
27 9 5 2 0 27 3 -2 -1
27 10 5 2 0 15 0 -4 -1
27 11 5 0 0 19 -1 -3 -1
27 12 5 0 0 11 2 -4 0
27 13 5 0 0 6 0 -7 0
27 14 5 -1 1 13 -4 -9 0
27 15 5 -2 0 10 -4 -7 -2
28 1 5 -1 2 18 4 -7 0
28 2 5 -1 2 18 4 -7 1
28 3 5 -1 2 19 4 -6 1
28 4 5 -1 2 19 4 -6 1
28 5 5 -1 2 19 4 -6 1
28 6 5 -1 2 19 4 -6 1
28 7 5 -2 1 19 4 -6 0
28 8 5 -1 2 18 5 -6 0
28 9 5 -1 2 24 2 -9 0
28 10 5 0 -1 16 9 -3 -1
28 11 5 -2 3 29 4 -8 -1
28 12 5 -1 0 -4 4 -6 0
28 13 5 -2 1 23 2 -12 0
28 14 5 0 1 8 4 -2 0
28 15 5 0 1 17 1 -3 0
29 1 5 -2 1 19 4 -6 0
29 2 5 -2 1 18 4 -7 0
29 3 5 -2 1 20 5 -6 0
29 4 5 -2 1 21 5 -6 0
29 5 5 -2 1 21 3 -6 0
29 6 5 -2 1 21 5 -6 0
29 7 5 -2 1 21 5 -6 0
29 8 5 -2 1 21 3 -6 0
29 9 5 -2 2 15 2 -9 0
29 10 5 -1 1 29 3 -3 -1
29 11 5 0 1 23 4 -4 0
29 12 5 0 -1 3 5 -5 0
29 13 5 0 0 26 5 -4 0
29 14 5 -2 4 19 1 -11 -1
29 15 5 0 0 24 2 -3 -1
30 1 5 -4 0 7 5 -2 2
30 2 5 -4 0 5 5 -3 2
30 3 5 -4 0 7 5 -2 2
30 4 5 -4 0 9 5 -3 2
30 5 5 -4 1 8 5 -3 2
30 6 5 -4 0 8 4 -3 2
30 7 5 -4 0 8 6 -3 2
30 8 5 -4 0 8 4 -3 2
30 9 5 -1 -1 17 6 4 1
30 10 5 -4 -1 12 5 1 2
30 11 5 -4 -1 7 6 -2 0
30 12 5 -3 -1 2 8 2 1
30 13 5 -4 1 2 -1 -5 1
30 14 5 -3 -2 7 7 -1 1
30 15 5 -3 1 -2 3 -4 1
31 1 3 35 3 81 -26 135 6
31 2 3 3 -2 100 -5 37 14
31 3 3 15 -11 55 8 33 3
31 4 3 17 2 29 -18 35 14
31 5 3 1 -6 55 5 19 -11
31 6 3 11 -1 63 3 51 -13
31 7 3 14 -5 38 2 58 -3
31 8 3 12 -14 2 17 10 -1
31 9 3 25 -22 -1 27 31 1
31 10 3 24 -19 7 25 30 0
31 11 3 16 -15 10 20 19 -1
31 12 3 21 -12 23 14 23 0
31 13 3 -2 -2 9 1 0 0
31 14 3 -1 -2 -9 -1 -1 -1
31 15 3 -2 0 -7 -4 -1 0
32 1 3 17 -36 -29 -4 22 -66
32 2 3 -10 6 22 11 -13 6
32 3 3 -2 17 -5 -21 -7 3
32 4 3 -3 6 10 -6 -7 0
32 5 3 -17 -2 -2 5 -23 -1
32 6 3 -3 3 -3 -1 -4 -2
32 7 3 -2 2 2 -1 -4 -2
32 8 3 -4 3 3 -1 -7 -2
32 9 3 -4 2 8 0 -6 -1
32 10 3 -2 0 -3 2 -3 -1
32 11 3 -2 1 4 -2 -5 -2
32 12 3 -1 0 -9 0 -3 -1
32 13 3 -1 1 1 -2 -4 -2
32 14 3 0 -1 4 5 3 -1
32 15 3 -1 -1 -6 3 4 -1
33 1 3 -11 9 16 -17 -22 6
33 2 3 -17 4 10 -2 -28 -2
33 3 3 3 2 -2 -1 7 0
33 4 3 -11 6 4 -3 -10 -1
33 5 3 -18 7 -1 -8 -18 -1
33 6 3 -20 11 7 -9 -21 -1
33 7 3 -16 10 -7 -10 -20 -2
33 8 3 -16 9 -3 -11 -18 -2
33 9 3 -13 6 10 -5 -17 -2
33 10 3 -1 -1 -11 0 0 -1
33 11 3 -1 0 -1 2 -4 -2
33 12 3 -1 -1 8 1 1 -1
33 13 3 0 0 8 -1 -1 -1
33 14 3 -1 -1 10 3 1 -2
33 15 3 -1 -1 -2 1 2 -1
34 1 3 -36 -24 -6 87 -44 -34
34 2 3 10 -4 -2 9 15 -2
34 3 3 8 -6 3 8 11 -1
34 4 3 4 -5 8 8 8 -1
34 5 3 2 -1 1 4 3 -1
34 6 3 -2 0 10 -3 -3 -1
34 7 3 -4 2 4 -3 -5 0
34 8 3 -6 2 4 0 -8 -1
34 9 3 -2 0 9 1 -3 -1
34 10 3 -4 1 2 -3 -5 -2
34 11 3 -4 1 -16 -3 -5 -2
34 12 3 -2 0 19 3 0 -2
34 13 3 -4 1 10 -2 -3 -2
34 14 3 -1 -2 -4 -1 -3 -2
34 15 3 -1 0 -4 0 -3 -1
35 1 3 19 30 44 -117 37 40
35 2 3 -32 7 23 -7 -66 0
35 3 3 -9 10 -14 -19 -1 0
35 4 3 -11 3 -13 -7 -9 -2
35 5 3 -9 6 4 -10 1 -1
35 6 3 -8 -2 8 -1 -2 0
35 7 3 -2 0 2 -2 9 -3
35 8 3 -2 0 7 -2 5 -1
35 9 3 -8 1 3 -9 -5 0
35 10 3 -4 1 14 -7 2 0
35 11 3 -4 2 0 -10 4 -1
35 12 3 78 1 91 37 250 -54
35 13 3 4 -1 7 -13 -10 -6
35 14 3 2 0 -13 -16 -15 -5
35 15 3 2 1 -1 -15 -18 -4
36 1 3 16 16 31 -26 69 -27
36 2 3 12 8 11 -29 54 -26
36 3 3 -9 5 24 -9 -15 -5
36 4 3 -6 0 15 0 -21 17
36 5 3 -4 -2 2 -8 -17 -14
36 6 3 -9 6 22 -10 -10 -28
36 7 3 -7 6 27 2 -12 8
36 8 3 -2 1 16 0 -9 -1
36 9 3 0 -1 16 3 -4 -2
36 10 3 0 -1 25 3 -2 -1
36 11 3 0 -2 17 5 -1 -3
36 12 3 -1 1 27 -1 -2 -3
36 13 3 0 2 10 -11 -8 -4
36 14 3 -1 0 -8 -10 -15 -4
36 15 3 0 1 5 -7 -9 -3
37 1 3 -19 4 47 -47 -57 -30
37 2 3 -28 31 30 -135 -78 -40
37 3 3 -31 34 45 -167 -91 -49
37 4 3 -24 42 50 -221 -82 -42
37 5 3 -16 55 35 -266 -52 -23
37 6 3 0 1 22 -4 9 9
37 7 3 -7 8 21 -14 0 -2
37 8 3 0 4 22 -7 -26 15
37 9 3 -2 0 16 -7 8 -3
37 10 3 -1 -1 11 2 5 -2
37 11 3 -1 1 15 2 2 -2
37 12 3 -1 0 18 6 5 -2
37 13 3 -3 -1 17 3 2 -2
37 14 3 -2 1 -5 1 -2 -2
37 15 3 -2 0 10 4 1 -3
38 1 3 15 -13 -4 39 -31 84
38 2 3 -14 3 1 -4 -87 -10
38 3 3 -27 5 -17 -27 -23 -5
38 4 3 -19 4 6 -4 -13 -2
38 5 3 -8 0 14 -10 12 -5
38 6 3 -2 -2 6 -4 15 -6
38 7 3 -2 -1 11 -7 10 -2
38 8 3 -2 -1 11 -6 5 -2
38 9 3 -2 -1 10 -5 6 -2
38 10 3 -2 -1 9 -6 6 -2
38 11 3 -2 0 9 -5 5 -2
38 12 3 -2 0 11 -6 5 -2
38 13 3 -2 0 9 -6 6 -2
38 14 3 -2 -1 12 -5 5 -2
38 15 3 -2 -1 11 -6 5 -2
39 1 3 -12 -5 20 -3 -24 0
39 2 3 0 17 11 -31 -5 -1
39 3 3 -1 9 32 -9 6 -1
39 4 3 -10 0 23 8 -11 0
39 5 3 -3 0 18 4 -4 -2
39 6 3 -4 1 13 2 -3 -2
39 7 3 -4 2 10 1 -7 -2
39 8 3 -4 2 19 -1 -10 -2
39 9 3 -4 2 17 2 -3 -2
39 10 3 -4 2 27 2 -6 -2
39 11 3 -2 0 5 1 -6 -1
39 12 3 -1 0 23 3 0 -2
39 13 3 0 -1 3 2 -5 -1
39 14 3 -2 0 23 2 -5 -1
39 15 3 -4 2 15 -1 -9 -2
40 1 3 -39 3 11 5 -67 -2
40 2 3 -34 31 17 -60 -62 -16
40 3 3 -20 30 17 -51 -38 15
40 4 3 -7 1 14 -16 -17 -8
40 5 3 -4 5 21 -10 -13 -4
40 6 3 1 6 18 -13 2 -4
40 7 3 -1 10 16 -24 -4 -8
40 8 3 8 -1 23 5 10 -2
40 9 3 7 -1 18 5 7 -1
40 10 3 2 -3 28 7 3 -2
40 11 3 0 -5 15 9 -2 -1
40 12 3 -1 -6 20 11 -2 -2
40 13 3 1 -1 17 5 0 -2
40 14 3 0 1 26 2 -2 -1
40 15 3 -5 0 20 -3 -11 -3
41 1 4 -46 66 -21 -115 -11 -1
41 2 4 -71 3 8 -15 -78 -2
41 3 4 -79 9 13 -3 -111 -2
41 4 4 -44 29 -11 -36 -67 -3
41 5 4 -15 28 -6 -32 -15 -3
41 6 4 -15 7 9 0 -19 -2
41 7 4 -7 -11 30 23 -8 -2
41 8 4 -5 5 -1 -3 -4 -3
41 9 4 -6 3 2 1 -5 -3
41 10 4 -6 3 -1 2 -6 -2
41 11 4 -4 3 19 2 -1 -2
41 12 4 -5 3 2 -1 -5 -3
41 13 4 -4 2 8 2 -3 -3
41 14 4 -2 2 13 1 0 -2
41 15 4 -1 1 19 7 4 -3
42 1 4 -116 41 -50 14 -206 -24
42 2 4 -84 -7 9 24 -131 -17
42 3 4 -54 9 -10 -18 -53 1
42 4 4 -49 44 9 -65 -54 -1
42 5 4 -55 31 -8 -41 -68 -3
42 6 4 -3 0 18 1 6 -2
42 7 4 -4 1 -6 -2 3 -2
42 8 4 -4 0 12 -1 1 -2
42 9 4 -4 -1 13 0 -1 -1
42 10 4 -3 0 1 -2 2 -2
42 11 4 0 -1 6 1 6 -3
42 12 4 -3 0 3 -2 4 -3
42 13 4 -1 -3 -4 0 7 -4
42 14 4 -4 1 8 -8 0 -4
42 15 4 -2 -1 4 1 5 -5
43 1 2 -13 -13 -29 29 27 -13
43 2 2 -11 -12 -30 26 37 -8
43 3 2 -11 -13 -28 29 34 -14
43 4 2 -11 -26 -122 68 147 -13
43 5 2 -6 -27 -120 74 178 -36
43 6 2 8 -25 -87 66 180 -25
43 7 2 19 -15 -69 36 144 -12
43 8 2 23 -20 -62 45 166 -15
43 9 2 23 -18 -67 45 183 -16
43 10 2 19 -14 -53 30 144 -11
43 11 2 -492 -364 -3018 185 72 -199
43 12 2 -473 -364 -3028 77 211 -167
43 13 2 -472 -352 -3161 -22 355 -145
43 14 2 -377 -198 -2021 -45 167 -25
43 15 2 -272 -227 -302 173 -413 -49
44 1 2 322 -338 -3195 280 -64 -34
44 2 2 328 -360 -3224 291 -74 -30
44 3 2 331 -367 -3281 286 -78 -27
44 4 2 337 -364 -3292 290 -78 -34
44 5 2 351 -368 -3348 282 -62 -31
44 6 2 192 254 418 194 381 61
44 7 2 -11 -18 9 74 -4 2
44 8 2 10 3 6 -4 27 -3
44 9 2 8 -12 0 15 21 -2
44 10 2 -9 4 -12 -9 -2 -3
44 11 2 -11 -18 9 74 -4 2
44 12 2 10 3 6 -4 27 -3
44 13 2 8 -12 0 15 21 -2
44 14 2 -9 4 -12 -9 -2 -3
44 15 2 -11 -18 9 74 -4 2
45 1 2 16 -2 -39 -18 -15 -15
45 2 2 38 -18 -209 -45 -56 -10
45 3 2 49 -19 -233 -23 -21 -9
45 4 2 54 -22 -261 -16 -25 -6
45 5 2 51 -19 -250 -22 -21 -7
45 6 2 45 -25 -256 -8 -55 0
45 7 2 43 -46 -302 35 -76 6
45 8 2 227 -141 -1619 -130 -492 18
45 9 2 205 -147 -1627 -68 -487 19
45 10 2 204 -154 -1738 -76 -498 35
45 11 2 241 -175 -2043 -110 -576 47
45 12 2 217 -155 -2088 -100 -568 51
45 13 2 182 -141 -2080 -42 -508 51
45 14 2 211 -165 -2305 -43 -567 30
45 15 2 58 17 8 -26 79 -6
46 1 2 353 -169 -3617 324 -265 47
46 2 2 337 -170 -3261 300 -243 54
46 3 2 218 -22 -17 38 476 3
46 4 2 111 -43 -5 53 201 8
46 5 2 60 -26 90 34 75 2
46 6 2 111 -43 -5 53 201 8
46 7 2 60 -26 90 34 75 2
46 8 2 -9 1 3 -5 -18 2
46 9 2 -9 1 3 -5 -18 2
46 10 2 -5 1 6 -3 -13 2
46 11 2 -4 2 9 -4 -8 3
46 12 2 2 1 8 -4 1 2
46 13 2 2 -1 11 -1 0 2
46 14 2 5 -2 14 -1 3 2
46 15 2 9 -4 8 4 11 2
47 1 2 3 -9 -32 -12 -24 4
47 2 2 8 -18 -150 -4 13 -2
47 3 2 1 -25 -169 -7 -21 5
47 4 2 1 16 -4 -28 -3 3
47 5 2 -9 7 -1 -13 -17 2
47 6 2 -15 2 4 -5 -25 1
47 7 2 -11 -6 2 6 -21 2
47 8 2 -19 -1 12 -1 -32 1
47 9 2 -18 5 12 -11 -30 2
47 10 2 -7 6 3 -12 -13 2
47 11 2 1 -4 -5 4 3 2
47 12 2 1 -3 -4 2 3 2
47 13 2 1 -3 -6 2 5 2
47 14 2 1 -3 -6 4 2 1
47 15 2 1 -4 -6 5 2 1
48 1 1 52 -4 -222 52 -39 9
48 2 1 48 -5 -203 52 -37 16
48 3 1 19 13 -109 -11 -30 -11
48 4 1 24 3 -87 -5 -11 -1
48 5 1 23 7 -75 -6 -13 -1
48 6 1 19 7 -85 -9 -16 -1
48 7 1 41 10 -273 -19 33 -9
48 8 1 -5 -4 -4 -2 -5 1
48 9 1 -6 -4 -2 0 -9 1
48 10 1 -39 -13 -193 -25 -26 11
48 11 1 -33 -6 -193 -50 -12 13
48 12 1 -29 -3 -195 -56 -7 10
48 13 1 -14 -4 -74 19 -41 2
48 14 1 3 -12 -207 7 37 5
48 15 1 4 -20 -406 63 68 1
49 1 1 0 1 -16 3 1 4
49 2 1 -2 2 18 1 -3 2
49 3 1 -1 -1 -2 3 -1 2
49 4 1 -2 2 12 0 -3 3
49 5 1 -1 0 3 1 -3 1
49 6 1 -1 0 -4 3 -4 2
49 7 1 -2 2 10 1 -1 1
49 8 1 2 -2 8 5 6 2
49 9 1 0 0 5 -2 1 2
49 10 1 1 0 5 3 0 2
49 11 1 1 0 3 2 0 3
49 12 1 17 11 -125 -6 -25 -1
49 13 1 33 5 -141 2 2 1
49 14 1 16 -6 -58 17 -5 4
49 15 1 18 1 -65 3 -9 4
50 1 2 5 1 -10 -5 2 0
50 2 2 16 4 -44 -2 -2 -1
50 3 2 14 4 -54 -5 -7 1
50 4 2 12 5 -53 -6 -6 2
50 5 2 11 5 -39 -4 -7 1
50 6 2 10 2 -41 -1 -11 2
50 7 2 10 4 -30 -1 -11 1
50 8 2 10 2 -47 3 -11 2
50 9 2 8 13 -178 -17 10 2
50 10 2 38 26 -349 21 39 11
50 11 2 129 49 -969 155 103 38
50 12 2 212 65 -1654 306 118 62
50 13 2 260 107 -2306 377 40 45
50 14 2 273 199 -2718 258 -54 46
50 15 2 317 242 -2950 231 -25 16
51 1 1 -1 2 -2 4 -6 3
51 2 1 -2 2 -6 1 -8 2
51 3 1 0 0 -9 4 -4 1
51 4 1 -1 2 -13 4 -4 4
51 5 1 1 0 5 7 0 2
51 6 1 -1 1 -10 2 -3 4
51 7 1 1 1 4 4 0 2
51 8 1 1 1 -9 3 0 2
51 9 1 7 0 -51 27 -17 13
51 10 1 7 0 -58 24 -19 6
51 11 1 7 3 -48 20 -14 7
51 12 1 8 3 -40 15 -15 4
51 13 1 7 3 -35 20 -13 7
51 14 1 9 5 -45 14 -15 6
51 15 1 7 1 -33 19 -15 4
52 1 1 1 0 11 -1 9 1
52 2 1 0 0 -4 -4 4 2
52 3 1 -1 -1 7 -1 2 2
52 4 1 -2 1 -5 -5 -3 2
52 5 1 0 0 2 -3 3 2
52 6 1 0 1 2 -4 3 1
52 7 1 0 0 1 -4 1 2
52 8 1 -62 30 -48 -40 -87 0
52 9 1 -36 24 -25 -35 -40 3
52 10 1 -43 25 -6 -38 -48 1
52 11 1 -14 13 -18 -21 -9 0
52 12 1 -4 10 -20 -16 9 2
52 13 1 -22 19 10 -46 -28 4
52 14 1 -14 13 -20 -27 -10 1
52 15 1 0 -1 -5 -10 13 1
53 1 1 -1 0 -6 2 2 3
53 2 1 -2 3 -3 2 -8 4
53 3 1 -2 -1 -4 8 -10 4
53 4 1 1 0 -7 3 -4 9
53 5 1 3 1 -10 5 2 3
53 6 1 2 4 -45 -5 -25 -3
53 7 1 5 4 -31 2 -34 -2
53 8 1 7 4 -32 6 -28 1
53 9 1 4 1 -41 7 -33 0
53 10 1 2 0 -30 11 -31 6
53 11 1 6 0 -35 11 -27 0
53 12 1 6 2 -29 10 -22 6
53 13 1 0 0 1 -2 4 2
53 14 1 -2 1 17 -2 -1 2
53 15 1 1 -1 -10 -1 1 1
54 1 1 1 1 -14 4 -3 3
54 2 1 1 1 -4 6 -1 3
54 3 1 0 1 -1 7 0 8
54 4 1 0 1 -11 6 -2 4
54 5 1 1 2 -2 1 -2 2
54 6 1 1 -1 -4 8 2 4
54 7 1 -1 -1 -6 6 -3 4
54 8 1 9 3 -28 -1 -16 -2
54 9 1 10 5 -45 0 -13 1
54 10 1 10 4 -31 -1 -12 1
54 11 1 10 3 -38 3 -11 1
54 12 1 8 5 -27 -1 -16 2
54 13 1 10 1 -31 8 -7 6
54 14 1 9 3 -16 0 -6 0
54 15 1 -1 1 -3 -1 0 2
55 1 1 8 5 -24 1 -1 3
55 2 1 9 1 -12 5 4 3
55 3 1 6 -9 -17 13 19 -2
55 4 1 4 -5 -6 2 17 1
55 5 1 -5 -2 2 -5 -3 1
55 6 1 4 -5 -6 2 17 1
55 7 1 0 -3 0 -2 4 2
55 8 1 -1 3 -10 -14 6 1
55 9 1 7 5 -21 -18 14 2
55 10 1 7 1 -17 -8 16 1
55 11 1 7 -16 -138 29 23 -3
55 12 1 6 -15 -131 28 21 -4
55 13 1 6 -15 -128 29 18 -2
55 14 1 6 -16 -133 32 19 0
55 15 1 6 -16 -133 32 19 0
56 1 1 -1 -1 -1 -1 5 3
56 2 1 -4 -1 0 1 0 3
56 3 1 -1 0 1 -1 2 1
56 4 1 1 0 -3 2 5 4
56 5 1 -2 1 -4 1 -3 4
56 6 1 -1 -2 -9 3 -1 3
56 7 1 4 1 -45 10 -21 7
56 8 1 4 -2 -38 14 -26 4
56 9 1 0 -5 -49 21 -34 8
56 10 1 -1 -7 -42 23 -32 7
56 11 1 1 -6 -21 21 -31 7
56 12 1 10 -2 -27 11 -4 5
56 13 1 7 1 -40 5 -14 5
56 14 1 9 -1 -35 10 -7 7
56 15 1 12 0 -34 6 0 6
57 1 3 -11 -35 1 45 -28 -2
57 2 3 38 4 -6 -3 49 -10
57 3 3 39 3 6 1 47 -3
57 4 3 44 -22 17 28 49 -3
57 5 3 55 -34 2 51 70 -2
57 6 3 39 -9 21 18 52 -3
57 7 3 23 16 18 -12 34 -3
57 8 3 1 -1 -4 4 3 -3
57 9 3 1 1 1 2 4 -4
57 10 3 2 -1 1 3 4 -3
57 11 3 -1 0 2 2 -2 -3
57 12 3 1 -3 -5 4 1 -3
57 13 3 -1 1 3 -1 -2 -3
57 14 3 1 1 3 2 3 -4
57 15 3 -1 1 1 -1 -1 -3
58 1 3 -21 -1 7 11 -28 -5
58 2 3 0 -15 16 28 -2 -3
58 3 3 15 -1 1 10 23 -3
58 4 3 13 6 0 -3 18 -3
58 5 3 4 -3 8 11 8 -3
58 6 3 -10 0 -3 7 -12 -3
58 7 3 -7 7 4 -6 -9 -3
58 8 3 0 1 -2 4 2 -3
58 9 3 1 1 1 1 0 -4
58 10 3 4 -2 -5 6 6 -3
58 11 3 2 -1 8 4 3 -3
58 12 3 -1 2 2 2 2 -3
58 13 3 4 -2 -5 6 6 -3
58 14 3 2 -1 8 4 3 -3
58 15 3 -1 2 2 2 2 -3
59 1 3 -2 1 17 2 -1 -4
59 2 3 -15 7 4 -7 -21 -4
59 3 3 -15 4 3 -5 -20 -3
59 4 3 -11 5 6 -4 -16 -4
59 5 3 -9 5 -2 -3 -11 -4
59 6 3 -12 8 12 -11 -16 -3
59 7 3 -9 6 7 -6 -13 -4
59 8 3 -9 3 10 -1 -13 -4
59 9 3 -1 0 4 0 -7 -4
59 10 3 4 0 -2 3 -1 -4
59 11 3 2 2 -4 -3 -6 -4
59 12 3 3 1 -9 0 -2 -4
59 13 3 1 0 -10 0 -6 -5
59 14 3 4 0 -2 3 -1 -4
59 15 3 2 2 -4 -3 -6 -4
60 1 3 25 -28 48 -129 86 22
60 2 3 32 5 27 28 106 -5
60 3 3 48 1 27 -8 60 -2
60 4 3 42 -32 22 59 61 -3
60 5 3 25 -17 27 33 33 -3
60 6 3 16 7 24 -5 24 -2
60 7 3 -1 1 9 3 -3 -4
60 8 3 0 2 11 1 -1 -3
60 9 3 -2 3 10 0 -4 -3
60 10 3 -4 2 7 1 -7 -4
60 11 3 -1 1 11 4 -2 -4
60 12 3 -1 0 4 2 -3 -3
60 13 3 -2 2 4 0 -4 -3
60 14 3 -1 1 -14 2 -5 -3
60 15 3 -1 1 -3 1 -4 -4
61 1 3 -14 29 -20 -49 0 -9
61 2 3 -26 -26 6 47 -38 -4
61 3 3 -16 -6 -4 8 -18 -2
61 4 3 10 10 6 -12 16 -3
61 5 3 9 3 4 -3 17 -3
61 6 3 -1 -10 15 15 2 -3
61 7 3 4 -12 1 18 9 -3
61 8 3 2 1 -9 1 5 -3
61 9 3 -1 2 11 0 3 -4
61 10 3 -2 1 8 1 1 -3
61 11 3 -1 0 5 2 5 -3
61 12 3 1 -2 4 4 5 -3
61 13 3 -15 0 9 3 -14 -3
61 14 3 2 -10 -5 15 5 -3
61 15 3 0 3 -11 -2 5 -3
62 1 3 -61 150 -23 -177 -51 -2
62 2 3 -76 46 -25 -47 -95 -3
62 3 3 -96 4 -4 -3 -135 -6
62 4 3 -59 3 -24 -4 -74 -5
62 5 3 -42 23 -27 -29 -55 -4
62 6 3 -47 30 0 -38 -60 -4
62 7 3 -23 2 -9 -2 -31 -5
62 8 3 3 -4 9 7 3 -4
62 9 3 6 -8 -5 10 7 -3
62 10 3 6 -5 12 10 12 -4
62 11 3 6 -5 12 10 12 -4
62 12 3 5 -3 1 4 5 -3
62 13 3 3 0 3 0 5 -4
62 14 3 5 -3 1 4 5 -3
62 15 3 3 0 3 0 5 -4
63 1 4 36 -4 19 8 53 -2
63 2 4 25 2 25 0 37 -3
63 3 4 22 -14 13 22 35 -2
63 4 4 17 -23 10 32 27 -2
63 5 4 7 -8 7 13 13 -3
63 6 4 4 6 8 -5 9 -3
63 7 4 -5 11 15 -12 0 -4
63 8 4 1 -1 4 3 5 -3
63 9 4 1 0 4 0 5 -3
63 10 4 3 0 -3 1 7 -3
63 11 4 0 2 13 -3 2 -3
63 12 4 3 -1 1 3 5 -4
63 13 4 1 -1 4 1 4 -3
63 14 4 1 -1 4 1 4 -3
63 15 4 2 -1 3 1 5 -4
64 1 4 -41 21 -5 -23 -59 -4
64 2 4 -32 21 -6 -25 -45 -4
64 3 4 -21 12 -6 -14 -31 -4
64 4 4 -3 -1 2 8 -4 -4
64 5 4 0 -1 13 8 1 -3
64 6 4 6 -2 14 6 9 -4
64 7 4 15 -5 3 15 22 -3
64 8 4 -1 1 5 3 1 -4
64 9 4 -1 1 6 4 0 -3
64 10 4 -2 2 5 1 -2 -3
64 11 4 -1 1 2 1 0 -3
64 12 4 -3 4 13 -2 0 -3
64 13 4 -4 4 3 0 -1 -3
64 14 4 -4 3 2 2 -3 -3
64 15 4 -2 3 5 0 -2 -3
